14220
51327
-9277
-62311
-12333
28718
75988
69069
-16606
-94410
38333
94359
63765
-41231
-11103
-60868
-33719
-77438
71479
-8582
62456
83571
-39386
-63053
-1526
-8996
33746
-35294
-86477
-28506
-80676
-59556
-16979
19135
-91623
-85309
81599
65256
-34149
-95978
-51010
93798
-44767
-76852
85966
46148
-73449
86374
-23064
93388
70214
-23499
4256
5463
91220
97307
31137
59719
-89308
17262
39432
62985
29059
70812
-52839
-70254
1428
-52741
-84737
26724
78677
-15401
43345
-88746
27056
68053
-81761
-86057
29619
12471
76809
-52579
33592
59205
75361
14905
84609
-9358
-47410
-6801
31309
66393
-59669
80834
-65896
-35100
40506
47954
99842
-61015
80751
60737
-73270
69972
56103
-61482
41330
-82262
26041
-10856
82049
24789
-67431
-269
62740
67979
1917
73860
11261
23242
55072
-60053
-29081
30605
-66384
-52467
-41553
-62050
-32186
-37195
62973
58110
-76820
-21456
11101
-66798
10459
19035
-74316
58286
42255
-50506
50785
67547
-96205
-1889
47243
27691
-74958
72485
53506
2637
-71082
77604
62345
12289
-46061
58215
6427
-25682
-98799
30468
10806
-9239
34235
-88742
77336
-75943
62899
-65891
-8203
-38780
75743
-72062
81544
85053
15911
70011
85637
-35558
-24624
-93308
28
-88530
-26406
61744
-59121
86081
-27506
-80475
-65080
88528
12564
47618
52184
-50117
81495
78228
-42277
1237
-76921
-40549
-93716
94356
-26103
65969
29806
-52704
49238
54316
-87466
-6134
7014
91617
-54606
39721
97910
84893
-30622
-34537
81548
48721
67769
16626
-61805
-43583
-46147
-47267
46724
-83119
34158
-95408
-69056
-93120
-41215
-73863
42831
-97616
-96321
60751
33992
-73288
60879
24965
67638
6241
-60918
-34514
-16174
95030
-61861
50298
-4804
41008
-93020
-76545
-72406
-97832
-57890
-64099
-34400
-37714
-73766
43195
-99380
73870
-73094
-12061
19263
-94120
-43610
-56600
27520
-96435
59373
37451
81303
88973
-99993
80113
77666
6947
-56847
51730
-73610
-60770
-44581
-96997
-11321
-24271
82619
-11532
53838
62864
91594
32720
20090
45447
-95748
42404
-92087
-24729
-81943
71550
-66707
8106
-61263
-65226
63232
88227
-89363
73154
-94760
6012
-10661
-75109
14358
39476
-80080
-23442
-55011
-16972
-45272
-10914
-89836
98640
-23744
14564
-86663
34193
60785
-78801
73586
2093
-4278
-33284
24280
-33780
-86918
90805
-77529
-35991
63523
85673
93235
-96232
-17842
25307
28289
23767
-73024
-90539
-45634
-91646
92142
-97953
-45642
28708
5751
35124
-19229
-53971
40537
-35070
-12444
-57254
58301
4158
78948
-62712
-11945
85134
-64508
-57265
-9711
-8910
-3281
-83040
93955
82024
-88870
-22299
43761
62113
84446
94690
91612
24339
35921
86926
-20873
-93156
99778
-18043
63402
-60982
79194
-7503
-6937
-94028
-23790
41420
-93714
80825
-22656
-94895
73831
49918
75187
-62426
85085
-44685
6128
23377
16770
5797
21838
-39897
-5172
41075
14813
-36489
58478
99053
74966
36423
-1440
23562
-69271
-85530
64355
-50803
62880
29273
48163
-90397
6701
-42948
-88193
91224
-71925
63546
87914
16474
59542
-79891
82337
92470
86668
-22353
-92024
-94994
-17505
11516
-25635
-92719
-32273
-42656
2353
-13326
-17819
41891
73791
-41946
80069
-9015
2709
41082
-67255
72977
46087
-34906
27488
-18636
92414
-41546
-82189
71271
18690
-2055
51594
-69487
39638
-23127
40873
-81933
48664
33558
79489
-70855
-491
77048
11470
81298
-6457
-67579
-92662
56996
41841
-89550
82264
6039
45616
-67633
-93182
94442
-63768
-21150
-38309
-47897
-81938
-25698
-63768
2168
-64915
7109
11372
29226
-6644
21016
-61851
-49985
2294
-39068
-74877
87339
34448
-58518
55159
69552
-88301
46130
28004
23899
-81728
-85437
52290
-95502
16101
-49656
94936
37276
-85034
-93078
18079
26322
-79174
83492
32762
-99764
-25799
-76689
-45081
35158
46779
-1527
-24758
9243
-2940
-76911
87638
31370
-18182
-51569
60831
39808
5541
-89454
62673
-79302
93722
1857
28858
24625
-84042
-11612
-72759
867
32678
58723
672
-13941
-71912
-50554
-9798
1809
-88717
-14097
17409
46995
-50601
-7168
-87719
-91134
21905
50195
55248
-90362
-44693
-69382
-39221
-88405
78877
78495
-32751
-26515
4467
12792
-4330
-49343
1310
88067
-38414
2942
52810
2499
70741
-74752
-95277
64093
19811
65416
49501
51128
18237
9461
-21688
19686
-31143
-37987
-13354
-71861
-87652
-46107
-96050
-42336
315
18309
69213
94135
69914
-21422
-60301
43517
55260
54241
61406
-10716
51051
63948
58294
92189
72853
55190
-97204
-2048
-26808
-69299
28343
-58397
-94459
-84740
20016
-4847
68595
26761
-87247
90939
-89496
-30806
-96702
20870
-64499
-31126
-11685
-1147
-4282
18910
-22694
-51482
-35222
-54719
-84934
67511
-55606
76821
-79606
-67678
18682
31306
73580
-35263
-53883
55681
-89525
2913
-97787
-5090
40241
-56771
89780
28312
56225
-95102
59791
-72516
25264
-49021
90261
95346
79577
60495
78949
43363
-31913
-24536
17645
54623
45093
-31555
-85458
-97993
-19612
-38210
89759
49946
62515
45756
14250
13378
26839
-32004
-98281
40023
83852
36796
-55249
-17048
-53447
65262
-35023
-71627
-20546
15818
80782
94111
-54818
-64809
-72339
-65124
72405
-38007
63834
-42153
-32269
-96867
73754
22471
-40259
75561
54182
-67843
-60016
-82124
74258
3238
13794
-68642
-47514
9154
9264
12459
-19790
-1518
-53712
3352
-15754
29614
-33268
-98424
-84936
-23806
-58714
21173
-48440
53928
-51086
-31654
79103
97616
516
92257
-89156
6127
11059
94420
-87178
20075
-4860
-32782
-85298
47880
-829
-47565
-60635
-49341
10963
-15857
-86783
-31095
-78216
-78919
-15105
19209
-22456
-90386
-98119
92702
-41467
-8373
90268
93374
70102
75651
65749
87451
-28526
45999
13394
85253
49525
31674
70131
-47539
25827
8660
1938
-57609
53180
-59506
-25832
-36079
41418
-44553
-13255
45034
23487
-36127
-97349
83476
-98476
60040
66141
25742
76978
17447
63235
13320
94883
-14977
-32788
-34328
-78750
69397
-44099
-642
17939
35946
-53477
49560
-24384
-75356
53826
-32319
61382
-83719
17132
3594
93585
19796
-33362
-66866
-86470
-43527
-45623
-59605
57507
-34928
-87960
-87380
-87481
-91818
93687
42425
14937
-74964
-42256
739
3796
62188
-45418
-48734
-91264
69506
-62257
-78928
-84743
20453
94918
6683
38967
71056
40995
26259
-35893
-24265
-42662
66993
-75181
-26585
-21445
97750
85559
-14341
-66419
69390
39718
-83930
75202
-23674
-57907
73520
-62975
-15208
91690
3316
7588
1675
-70541
44852
-85991
22678
25812
87998
-37374
86052
-11718
-49687
57672
55270
-73644
22850
36174
35360
-33059
-4006
-99508
-68792
-49963
64057
4743
-84251
62879
94834
-68886
16995
-1884
36610
12729
-37789
-310
70725
-8936
98920
85240
-84124
268
2844
46125
-64655
-37044
-77579
41434
42672
-5856
85861
73242
-97978
27988
97205
-95010
75525
32970
56850
-10819
-59790
54070
-3033
-64631
19803
25056
-33121
26725
51044
17240
56418
52439
-88425
69413
85057
84916
-21457
-67921
-89266
-3972
-74476
-25597
89591
-32508
-54498
28242
-64485
-71528
46544
-31915
-87185
-61245
-65223
-88371
10242
40550
-31149
-76730
-35582
-17439
72254
62758
3818
8601
-30506
-21261
-89367
58204
-2537
-29451
64433
-50516
-43684
-53143
13587
-98470
54386
-29891
-8505
60370
19674
-74357
-38665
-5515
53586
69202
98228
-89581
22815
-58006
-97663
-55916
43119
-18277
42055
83523
-48964
-87691
-56678
-86479
-5192
-42568
97950
58199
5648
-47682
-53630
16181
-74860
3297
-56180
-8657
76630
-94380
50853
63229
-90835
91975
-75347
-12532
-40403
-53557
-4349
84622
77560
88261
-94600
-75806
-92299
81231
-38202
66904
70040
-30974
62225
54429
-74824
-92236
-56377
86094
-74772
87545
-6215
-51864
-2123
-17470
22915
-52790
62361
-10486
48908
53376
-5510
57284
-35722
-69101
-20565
40342
-90490
-33471
28130
-17660
83874
69598
-6912
-31940
-77021
-24908
-52811
93188
-38141
-12602
-58068
3151
-16173
63535
46576
56732
-90294
-87350
-73173
84746
-41007
-64305
69576
-11069
98930
-23168
-22332
-6237
-23493
-92557
55571
45631
57989
87407
89591
-43311
9948
-21233
44916
-85746
-57683
76265
47744
-93002
32363
70524
-77903
-39867
-70045
3519
-81583
86490
-81667
76305
42060
-37762
76900
83139
-39277
-80194
-10151
-55156
37277
-62457
-71245
-67989
-46395
-35750
-58406
84877
-57485
-81571
13390
-54970
53230
-50007
-41158
65266
-74798
-80894
-31496
15604
51576
-2264
-80308
-81071
3519
-23690
-98778
-51786
-56146
51622
72511
-391
5610
76823
-24918
19230
22026
-18451
50059
-44077
22435
-11116
22852
7541
-87608
52333
-33544
68423
80128
22037
-27580
33723
24732
-75991
11602
-49824
-4137
-3861
-92755
55354
-62067
-29866
72197
-63113
19836
-39984
-47236
-80921
-33266
-57854
199
-16375
-69370
55585
-1395
-40517
-68055
9474
65335
-74858
3063
22392
27740
-96372
41949
-36454
-12311
11645
86943
13709
-48596
-79968
-98555
20097
50396
-81775
70098
-66133
16347
20927
-81445
-93139
84457
-34703
39002
60432
-68104
7918
83261
23093
41850
-25523
29500
98661
26644
40857
17686
70724
-84369
-50426
892
3719
78097
86343
-28671
37317
-43484
-2226
99704
-23875
985
-33034
35836
48997
68077
-72112
57531
97835
69782
-33704
66474
-54579
-34207
-62877
3972
-78382
-20512
28682
94431
-77944
32579
-23419
21379
18865
-45041
35893
-91756
20310
-65420
28533
2019
76119
19700
42150
-60852
-55354
803
78069
-18829
20757
23459
-56519
-23078
7361
25589
64903
86323
43773
44330
26198
52610
-23524
81133
65346
22466
96858
37906
58248
-65567
-59394
3691
56706
-24902
67804
23302
-6072
3780
31251
69568
-65490
-59141
28652
-88170
-51166
18982
51141
-57045
11296
-70282
-29648
-16162
-272
-45681
-40148
-83456
85901
-64410
6612
84495
90819
24707
-49697
-815
57460
7581
-42237
-69100
53718
35422
-42808
43256
72641
23333
8783
78000
30526
90792
77146
-41645
66574
-98829
-26168
-89518
22530
-41424
39863
-3564
-49590
44776
-3765
17179
-78638
-51369
-95181
12382
-89117
-5144
-24603
-5539
-52415
36288
-20211
82616
86893
-49117
-60097
87788
-60555
-43479
-70340
82116
77266
-57863
-96831
-98727
-96300
-55822
50444
48348
-76054
44617
5922
23296
-65519
-1382
-23802
-61901
-66209
-80093
-4787
91437
37467
-21436
78475
-19603
88057
-25957
5526
78352
20892
-70646
1940
22327
68971
15280
49459
82333
-39049
-64905
-34689
82716
49691
-16420
94897
-59061
-17032
-86336
40282
-16629
78875
19572
15814
-28855
-9448
-18658
-64036
-13469
71127
-70476
-36110
-76918
60481
20297
-38675
-84487
82805
-77800
-5110
15340
39329
-46992
80177
48783
92474
-61168
61434
-87753
-86604
88546
-55205
26022
2132
-15784
-75163
93803
-44883
16243
-55427
26456
-49955
97840
75297
-36466
-89208
9765
-83173
-68423
54403
19578
35469
-25700
61089
31701
27775
95998
-1254
-54915
42830
30503
-31390
12250
-87799
-67048
-58813
31716
29128
53836
-11886
88948
-16003
92905
68053
-1477
37022
14870
50943
-16119
-84473
-12736
53112
95681
6976
-8376
31286
47785
-40026
-77242
-19827
21319
51097
12311
-26749
53742
31176
36204
-7312
6274
-5503
7601
23254
3518
79428
13398
-83259
51536
91003
-46347
91871
-41230
31259
-82603
65172
-10919
87016
-70120
-39498
15439
37996
95651
48403
-68846
-58544
61548
92057
-24671
-5565
-77783
89209
40774
89067
-49316
35892
-87332
77940
1677
-79778
99131
68699
99714
-60227
-17157
-79196
97259
49404
-56965
-50796
72135
-41689
87324
53753
-69198
-61432
-92518
-70437
-74120
15487
27915
-86458
65501
-91283
-52838
1654
-59499
-17340
58437
38255
63225
46165
71601
-34111
49316
-6340
10832
69989
-94808
70840
73238
-77248
38783
-64560
20552
52197
-38179
58653
-89059
-16340
61323
24694
-29765
-47692
8746
35432
33796
89124
64861
-61727
-54883
17570
-36736
88443
-42000
-84504
-44116
-81780
-55144
-23973
-82941
-5795
-16718
70879
-34897
90060
53232
61367
-52372
20901
-21516
-1877
59807
89020
10027
-93111
-35756
22999
-33621
-32557
8254
45180
92947
-62977
49149
-17376
-4648
-4759
31343
19378
-1104
-18674
49713
31602
-47231
-22352
60865
-44265
-66816
-38221
68733
-54129
-96758
4038
-70388
18462
-99278
2693
36531
-60939
48353
-47624
-65721
65388
20108
24168
49312
-2005
68734
4397
7871
-34920
64755
-48058
-2805
61588
-77773
-4735
-9600
34506
-99786
53643
-36507
-93331
-63944
-96924
43456
-5404
11196
-95465
-7621
87064
60217
-88180
-24374
-81987
-16707
-82589
28213
61834
64059
-58472
-86584
74627
30940
80340
-68305
-22717
-51780
-92650
-89015
-26727
-22178
-40990
75036
14448
50085
-38717
24326
65615
99828
50222
-98721
65469
31310
33429
-11933
-58521
-62809
97430
50066
45465
22795
54196
77786
-45575
-86213
57305
-91788
-39429
-38381
14289
-98770
33457
-59470
14830
-23924
-95639
35232
44553
62358
-19808
-40920
-78118
97210
30881
-82287
50953
22633
47416
-47582
72655
-84308
-9746
-70973
-40766
23742
-29041
-95828
-43065
-80155
76753
89848
-85742
-69753
-60376
58315
60334
75938
-89269
94150
-56129
-27032
-97766
5467
71896
13711
-63551
45738
-18621
4508
-88570
-1576
32378
-32242
43260
41433
-86089
38086
-22792
-11618
-89596
71406
-66068
-26769
-37400
-69864
6942
-88715
84313
-32640
94350
-29427
35731
40775
-38584
-14284
5958
-61069
21474
83065
-62662
76566
-25071
434
-85517
-64510
-7065
-4592
-72613
-70843
92328
-7112
-58603
45356
71392
85765
-96572
-36288
93855
88478
-76474
-953
841
-72794
17560
66943
-5540
23109
-25138
-17264
5969
72040
17980
32811
-90226
94720
-78603
-41459
-13611
-87814
26618
19659
20158
54343
51464
84745
5705
-94437
55174
-92594
39984
45129
84790
-12598
-2600
-48483
96137
15171
-81502
15475
-93882
-69421
-12300
-98477
-93934
13602
11610
36458
-20500
-17585
85801
71275
-86971
-24623
-36787
33837
94147
12695
-27723
-58131
-28935
-82746
15540
34281
-23220
77655
8920
6849
-75395
48774
31296
-8799
-31174
-7207
-16945
-11119
-7664
12350
63315
-5614
-4598
-95047
-16430
43846
82880
22300
-93854
21548
-60340
-26835
-79085
11976
28202
40320
-69418
77064
46387
68794
-38035
-91954
-63434
87063
-95929
90469
-64436
57422
35888
43954
-27981
90079
50670
86538
44238
10907
-35047
-66740
21524
-2258
-56371
-98841
62847
-77767
-77982
16549
-60171
80002
95183
-51501
9022
-84346
3064
-76136
82231
-79011
61848
46277
16796
-99124
-8564
29265
-88107
12756
-21181
215
97505
-47771
-59228
49411
-54405
-39528
-27157
11995
41523
-34914
-74109
-14768
75099
70263
-66139
-18162
-82904
77139
-78410
4686
-72982
-54472
-11363
-85327
-19503
41500
-2247
49037
-87934
97205
-88417
-76530
-57183
81362
89083
72553
14599
-25607
96551
91245
-96304
16685
-97687
49317
-88074
-9306
-96301
56387
-54530
31327
2667
-19154
45366
-27182
76327
-60405
-20927
-5899
84751
-31086
-23638
-67504
-21131
92276
45776
45393
33067
3723
64136
14840
50404
-59617
-51834
51758
82966
-15115
26814
52618
-99593
50444
-73016
-9827
-12696
87536
-53602
4196
14
-66137
21256
-56627
-57782
77742
77173
75906
-87557
-11434
-52016
27041
2109
11323
49467
51461
-72333
-26186
79810
23056
32009
27068
94017
-73351
-75197
-290
45426
-71014
34944
-65605
75886
54823
-44621
-25228
95047
-37614
6800
-99577
43013
-8817
-32913
-82366
-58909
34197
48644
-81346
-58975
14767
-82501
-10916
-97509
55417
56722
67512
50085
-78980
-77003
4065
30815
91855
44078
92934
-55445
-59573
-82578
1632
-39032
-77484
-11100
36610
-68857
-20513
38220
3155
-86108
-27861
-44187
-13093
92113
73878
37532
-31492
37749
5228
71389
-83253
-84634
-68426
21048
47666
53788
-82551
-97837
-84639
-41198
21570
-23542
-38585
-58281
-44095
-35133
15671
32509
-24315
34052
75161
-89576
-76307
93258
4255
-2925
21536
-3812
50366
-8325
-43026
-42638
44344
-52787
-15233
18816
37185
38037
80486
-90285
90605
-44014
26099
-68141
71264
18835
53883
74334
38152
63465
-7729
82012
-14053
30945
53454
-88321
38266
-50160
59476
45106
-44574
-25483
-55084
-36248
74428
90149
-81146
41290
86036
-81376
-47831
-70855
-17651
97811
-69290
-79242
26058
-43493
-52752
-64135
-30999
-97703
-55794
-60850
16653
50846
-84624
-34232
41528
-75344
-61659
-37803
-62189
56339
47814
-14963
-4490
76617
80132
-33923
-8335
-6440
97981
-12917
-93644
5736
44828
25067
53013
-25521
-35330
-84653
-48837
-37813
-33526
80534
83831
92770
-47195
81983
37201
-89546
-91422
-68697
79656
-23819
59833
-46349
66641
-47511
-42085
98384
89762
-56957
98286
37952
25073
35992
-34453
-22233
393
22076
27193
78375
-80255
83859
15792
4425
-3564
-85202
-90514
47521
52872
-73762
73792
-63918
-77443
-1905
-96918
-47146
-30765
13102
-13495
74777
-94604
-53034
-72536
-95301
16188
21927
75109
-33017
-86372
-63853
45196
-62419
86449
27223
71921
-96812
87424
50371
1284
-66051
-63743
-55004
-70563
62007
26163
81348
30162
-81914
18740
31317
39850
47575
58003
-92301
63016
-59066
49641
-29685
32803
-97898
1416
10079
65772
-24126
52667
21229
14684
15704
49773
72839
61047
-47718
-30727
88773
-13712
-99665
91322
75212
-24381
-75262
-2964
-60400
-88470
-22721
-13746
24829
79121
-9850
-60164
-2880
13745
-8865
41377
-86695
-66815
52676
-28031
-58668
-30311
-96033
-34455
-31655
-51985
9068
15952
13573
93490
58228
-224
-62807
80753
-81937
93820
-5972
26518
-22187
62290
-37766
19435
-79960
18357
51249
3090
-49281
-34625
43077
-90949
-97988
34061
96342
-46373
72920
-47668
-24541
-53804
29213
92945
-28291
-56664
67708
-35314
-99125
-29298
-38406
-51800
78131
53953
98172
-73293
-66366
19873
59946
99276
-18192
82779
-28986
-25377
92831
26972
-4117
72170
12660
-29532
1879
-30667
90534
-8459
69
43048
-49327
44661
88848
98942
67892
-77252
-96483
-27823
-78384
96691
-69922
80377
-98995
77838
17056
-7222
46406
-17245
-68548
94418
29859
-42988
85502
47219
60623
94173
43342
59830
-38798
-97673
-6207
-11349
-56944
54603
1016
-4019
-51231
1633
-52897
-89476
72619
22601
-29995
-51694
72038
-54885
-90975
-80844
1071
96464
30002
-17336
-69537
37066
37790
-27469
-55117
-42099
49480
6716
42814
-96256
6799
32175
-36670
39552
-36425
-58655
-43031
94065
47514
-7506
-87420
-72372
2629
95528
98703
-89413
18522
-44535
15759
64524
-70109
64889
12004
-80862
-10266
80160
98899
28899
-98009
-42450
85129
74159
-15390
-77980
-67449
48456
-2587
65294
13515
-99195
-82608
40114
79528
-54556
-88354
-11152
-18331
-94907
-98430
-30580
-38817
-91164
-32816
9440
-20815
30841
84540
51095
93638
17301
-23767
82587
24285
-70059
26388
-1584
85665
-88388
-3377
-7927
-60185
-57457
-96734
9815
85887
-16774
-74015
-71697
-12108
2088
78274
10212
-46458
77840
84859
-47180
-49131
-95949
-99247
59523
64635
-74269
26544
3132
-45232
-98325
98798
13110
-83722
91266
56090
-38835
19282
-82077
-91525
3235
11531
-80133
-66640
-7775
-3747
-52579
52452
-57304
-96625
6018
-14523
96727
71467
-13007
-12072
69050
84095
27423
-19471
-41069
78375
80639
32749
-67231
64727
50998
30492
-43783
-73599
-38284
-54266
89422
-67928
24921
51489
-94288
82214
-37744
-15597
-34733
47111
-11205
97669
41150
98467
-52895
41652
-40700
-64439
44976
32992
-58402
84289
-78029
-87172
76560
-8844
96998
61340
-36146
28142
5555
-24063
-85365
97603
-76726
-64384
78870
-14284
69346
67957
-79522
-9320
98554
-95951
73562
-80911
-19894
-20933
-6686
11283
-68924
-16208
-48623
-93877
64977
20543
-582
-74866
49740
-47449
-56680
-28652
-68565
-80790
70256
-62664
6412
-60636
31578
86055
-25748
-76940
32012
79964
85669
-89430
65877
-96191
-23733
11368
38892
-56313
79864
53446
28281
85710
66157
13735
83312
50404
73232
-22764
13002
-50194
-99869
-37673
-50126
-94191
-67407
-60478
-80460
-80248
-19432
-80655
-24691
84655
50529
-79840
-55353
-19127
36645
1340
23854
27602
-86547
76662
62132
-16408
-79950
-1200
-98411
-39445
69098
-38757
-56957
80097
89
24650
10435
28163
15904
-88008
-93907
1445
-5428
-39651
60229
39874
2851
2463
25710
53186
16179
40327
15764
38293
48481
-73053
-30172
-3521
-90356
-82774
-13057
10728
58350
-62058
-1009
-89099
50062
81222
51951
-61589
-48856
98400
-30705
34508
-15929
-93490
24138
-10278
11250
85535
16951
48197
-52621
-10482
42019
66684
-65699
-96436
73003
73855
-47878
-28247
31842
-79245
-77025
-53551
89471
-23657
-30083
73121
17388
-92678
-65501
82825
83380
-61630
-29735
17359
-93529
42082
-69175
27268
-38736
98624
39322
31094
-40445
78360
-42271
-82822
87593
-66414
-95391
34670
92763
3734
61352
41220
482
64397
-74520
42958
47286
-1977
-10466
-1282
-19435
3947
43884
-66793
62649
44207
67764
3186
36691
32062
70957
84847
-65006
-29936
-36964
62652
8967
-71936
86680
-82613
-38517
49194
94823
11846
9248
22319
96373
-32596
33294
24431
-1989
-4541
81345
76523
-14286
66466
-6645
-80905
-92582
-1911
12666
-35082
87090
-79304
-8473
-46318
-16778
-12034
-76923
-29086
27830
2546
-83639
-38325
51082
-34986
-87382
-62235
99259
24719
-91829
51572
-4922
60793
-53525
-26805
-36672
-14029
-9463
-52756
98068
91669
15613
-1590
13635
80568
-58234
-1565
12811
5264
-94293
-98653
-2842
29385
-25876
63324
3831
59014
-4348
-18392
88062
20400
71659
-75751
-39246
-59209
-55873
-23642
-44347
-27198
19818
-64789
-37950
-84014
5330
-52982
-54214
-83754
-15124
-66973
54602
4182
-52084
-5910
-82378
-41523
51142
75054
-7886
-30066
-35083
83408
42736
-37335
93383
25314
23352
14886
15540
20926
94021
63892
36986
-8135
-40124
-43983
-61328
35448
-68224
53416
48582
-3207
56585
26859
16192
10526
-96677
14260
29228
-82232
-33933
90212
-94869
3905
-85791
-2327
-92627
-72196
-50904
-92595
-11109
52119
13762
-11590
-71313
56902
-80611
-84828
75662
-95117
-24658
-88433
-55647
12806
85752
-20154
-50042
25546
16826
41860
-28410
-69788
-12252
39804
-55616
-77336
-23735
86673
5198
-69911
28704
73934
-93926
35364
99242
38009
51589
19101
-90378
31594
-54346
34914
9743
-14955
-2737
40971
-68119
-84449
-8394
34328
-74010
71572
-61819
-59405
-52109
-94154
17435
69253
29589
-90943
68298
-83740
-4977
-49415
88726
-70524
43870
-32757
-46436
6439
-78199
-81595
63794
-66795
-89208
-42583
99593
-7866
94582
-4116
46687
-48599
-5246
-55540
-20986
34368
57976
-75356
-94750
-5851
32210
51050
38540
45017
-1258
86991
73747
94549
-88584
-80783
-17749
-54883
96690
31036
61223
48697
-55074
-18511
-83722
91154
-93072
-60191
-20987
-62634
-63906
-71882
-17217
-35625
-51533
-32987
72307
16050
-60209
35348
-86791
-4076
-11127
-76813
-86472
-59332
-83773
53721
82939
8350
-10212
-58626
78643
46472
-20138
1616
22829
-22732
-2686
-75824
-27066
-49268
-9930
73157
73859
34567
-38520
-91035
15300
8780
-78786
-74516
55482
3753
55005
-21711
-39567
29472
43384
-61165
98854
-63173
-86483
-11983
52524
98877
96060
-22287
26598
-12073
-62787
10614
-85428
12304
-6528
-91293
-49589
-6761
61094
20331
53836
-5830
59777
72279
-13774
-12024
-75424
49063
-18299
-68943
-95671
-67569
9977
19588
63783
-83788
88589
5090
60137
-65710
23571
-35159
-4547
-16822
45343
-65367
90090
91164
-71491
96643
3288
-54550
-832
-62239
54652
-87683
59182
44893
-48974
96681
46053
-9296
37427
70404
-84529
97552
23478
-16393
-19665
-71801
93368
26326
71501
-45947
85879
3996
-37806
-34656
83015
-56024
-34301
9863
23619
74635
-29433
-78356
-12340
37470
42341
-48091
57477
-2510
-69237
7564
-62013
-79648
-73765
-23712
-53840
-41252
-1020
29356
-16466
80709
-12341
67670
72519
-88214
-98143
43880
31015
-22682
63956
84722
-85689
66075
69967
7629
38043
-92775
11839
-38454
-90325
42228
83458
64713
-18800
8011
4485
16809
61103
82583
9255
84236
-33802
-24985
87541
73197
3759
4774
-49527
-60745
-9696
30423
-27491
44399
-78306
56539
74384
34236
43276
84990
8689
53833
57616
-50224
49800
79722
68443
56255
-74782
20125
-32411
22237
-60683
32519
-79137
-59312
-30155
31751
-43848
-12736
-30809
-4597
-7803
-32936
-82672
-56520
-36268
-95002
-70974
18840
-50906
-18531
88519
60894
60977
-81206
-33483
-84428
15066
53436
-29197
99763
41258
-73300
-92380
-85782
98345
-67794
91984
62440
90179
60434
-57900
-59879
90325
-66838
76517
-67585
-46258
97471
-30765
-99004
35433
-8831
95594
-48712
42809
2687
-67391
22738
60293
82166
-67167
65905
-73593
-43227
76960
33646
67072
-20160
39242
84561
80878
-94026
-88972
70920
-18608
-73051
40958
94908
-68719
-23748
-5489
-16795
-2982
-95603
54294
-4349
-79860
-33365
-90950
-38017
41888
75652
38066
-97345
-32214
-38225
64930
36272
44594
86943
-65620
18130
6755
38671
-17788
13188
-47956
10169
-66956
56406
-71129
-39775
-45526
-33673
32717
-33940
-82083
64812
-51414
-5671
-9225
-77375
57895
-48822
32399
-30589
-39466
-85123
-41353
62402
-2834
-25029
4484
76595
45528
-64984
-33044
98765
46549
50983
37926
-40460
-38332
20141
-33479
-50789
-97284
-60357
-65219
47724
50714
40100
31799
90765
48767
-90994
-64086
-14951
-78438
-15436
75655
-88798
7927
88453
-47057
-34921
-66895
-52690
-54292
-38692
-93675
-64482
7558
42750
21049
-18573
68073
-85850
-63048
2167
-15467
48265
-53079
28686
-51229
-87690
-4758
-227
81591
17929
-39137
-86810
94679
23691
76395
-40184
84906
42923
-6200
-83048
-36219
-80702
22605
93903
-13061
-56225
-68074
63325
80488
-758
45726
49484
98665
-1923
22837
46409
-49776
-66264
-52864
7626
56252
-76377
61569
-39640
-73252
-80075
-75305
2876
71112
-4834
66416
97242
52177
-86822
-62691
-91654
-81934
-22817
-46253
-25996
-66219
-66972
-99376
18438
-56265
-20911
45927
-77703
95186
-42022
-57481
91599
57625
-25018
-2302
93900
-87979
63685
-11114
37404
-94109
10192
-6135
12625
-55178
96554
-64981
40763
-97553
-22264
-7693
76225
882
-46839
-10771
84953
71761
-9580
-13134
87955
4707
49643
-69141
-26600
29638
66686
69583
-25978
69209
-47945
67585
-11767
-16564
-32413
-73428
22951
-79671
44230
57553
26389
-75033
-32401
-31595
-6150
10144
-41441
80885
88997
-64138
-82515
31114
-397
60641
60891
-61571
-82038
8871
47461
17428
-80427
33180
-67503
-98164
-89539
31394
1806
-20389
11269
-31870
56960
-65012
66994
-61993
-31252
13135
-29862
85728
-30110
-94180
77756
-13954
-76901
-95926
-51310
39006
-78523
45488
10077
-54554
-19411
-97
52435
-76504
9258
-46838
12739
-84108
-48471
88909
25153
-21625
38890
-27318
-46103
59987
-7178
46219
31264
66820
-42482
58065
95607
-29267
-24651
42852
73290
90413
-80094
10765
-88171
-32183
67349
15103
87720
-7203
90672
33688
20357
-60149
2547
-81117
51159
-93313
73595
-25926
70591
49830
-55676
43745
92654
-16170
79265
-13929
78549
-94131
79084
37733
78214
-31544
-14357
46489
68789
55000
-61844
-2465
6887
38319
54059
14401
-35339
-27698
-30179
45468
-56433
-39552
41498
93142
-9961
77318
5575
3169
-35862
-68961
17448
87298
-63874
-3408
47958
-86081
-91426
86613
21302
20198
68134
-57718
79322
-49664
83385
94976
-86342
93204
-4922
-56600
-47478
12884
-65515
-65309
-30837
78427
58113
-86157
77435
19722
25437
8559
-76445
9229
-28222
254
-46512
63344
-53936
97123
-32897
-78672
43706
-48131
27760
-13111
-11459
550
-28977
-41141
13956
-28654
10248
26212
-8778
-58082
-57878
26383
54618
-7987
-42891
86022
37907
-14410
93312
52811
-37820
48396
43075
-66109
-5878
-62158
-72815
-18401
50169
-66121
-23583
-50105
-52895
29342
1250
-76194
-56843
-25171
-51482
79914
44353
-52460
14166
22252
-56205
21903
89608
68904
-53458
73721
32090
55451
-84425
79767
-50184
20784
44810
-80638
30845
-64683
-23202
92271
86742
-66065
84323
92116
-94123
10331
32835
51399
-40312
-26817
13310
48500
-49473
70945
-83432
-60815
34862
-2529
67467
98918
52493
-39907
-15565
97635
-97375
-76075
-71243
74059
-47621
4360
-94936
-63910
-39037
-54125
-82469
17774
-27104
63383
-45071
-20015
37398
-55739
-36750
24980
50231
-98630
1706
14972
-94227
89534
-97696
30370
12379
5227
-23206
-39316
31335
9556
-9180
5498
77769
25363
94944
80638
-14873
86336
-26048
87505
16311
84323
-59833
84797
-62368
-92667
30769
-98867
63030
-26497
85582
-92390
42025
96758
36982
82864
-98108
-31823
46118
72256
68876
-10990
-28153
63000
82210
76876
71362
74835
32729
63995
-63178
-92736
-55485
95734
28911
-95870
55292
2529
68554
-5113
-95928
22247
22098
81623
88814
10681
50818
-92300
-49586
3905
-88415
16580
16723
37426
-6579
31036
-60437
52340
-29997
21808
-98259
75912
-27816
14628
-83827
-23827
4615
48463
-69807
71082
-3151
-43888
-1242
83848
34230
28612
109
-61148
-51879
71136
67082
5619
67655
86644
95946
-76283
-82975
-63806
-16071
93321
-23618
-49076
2021
-535
92665
83429
-61722
51584
97959
-60500
42246
-94504
-26181
-93259
-166
14660
32894
-87693
-12293
24885
46659
73039
-82950
48748
56970
-86295
68644
80845
-98752
87662
54018
-63127
68161
28436
-31880
11846
-90722
68188
-21685
52233
-24411
40184
-96319
-88375
-34656
-73848
53101
-71357
-83873
-26378
-60179
-84810
6504
11345
-10454
-86938
-20442
16657
-57205
44822
87643
-48562
89986
74929
14113
-44672
-89490
98024
-44812
5983
-66385
10403
-78690
63569
168
-99944
60630
-51105
-34498
-34504
65377
-21902
173
-37209
49846
-38169
-98480
14217
-40950
95599
-12412
-62639
42181
1175
87363
16724
-56075
-25312
-18316
-73336
-48254
21042
-28515
24813
-72938
-2173
98356
-83243
88899
59345
-47324
44399
-15118
62450
-52475
98571
94628
-59918
-59956
55306
-96383
98363
-10077
91665
-32915
-74412
-24379
75783
-38733
69831
-67733
-43571
36153
-66987
-84640
90543
-1197
-54696
-81725
-12154
82272
83425
25110
-73483
11124
-36520
-42912
90915
-36603
23808
-44380
21004
45827
89776
-71507
-10047
72669
-51069
1199
44009
90090
42601
84675
88133
-34199
15942
-91868
-82294
33541
-96162
63802
73596
-3326
-5134
50609
-72386
73965
-32796
97081
78597
23419
-65301
62289
-36489
72994
-13439
-72547
-30022
17298
-16195
92020
46831
-75997
-48370
-49204
-37298
-42774
78144
24365
-63052
91375
60287
-81639
51192
-46079
813
-26595
6078
-84606
77901
-58112
-14780
-4038
-15139
-79568
12147
-91215
-96890
68338
5192
70066
-51363
25646
-7752
-62954
16890
-41467
-94194
74935
-38290
89672
-954
-3511
-49048
-48183
25279
-25944
24492
41133
-23211
52913
14516
11053
36687
88347
-78216
35027
-8141
-32614
-11273
4454
96271
-82545
55630
6114
-40501
-37199
-2150
32541
-73999
-64848
7189
56906
81379
478
-25294
-20995
-61542
-81808
-77878
-30327
7942
-4172
97732
56239
74647
11838
-65187
21577
-48702
53207
17518
-24952
83200
-82809
84293
-38060
39697
26338
-21455
-44485
-77232
-19672
-91665
-92795
-2403
-3229
-99847
-35270
65082
-15992
-38416
-49563
69285
71803
-42165
67238
-87681
-10389
-9319
-80765
1102
-16698
77368
56373
3121
33965
-94902
-73566
20623
3248
90697
16336
45321
-43480
12684
-75861
-43151
-51382
-20087
-74315
-91361
-16754
-78050
67742
-54729
-27208
-40855
-64
-69384
-56285
-98632
51992
-15815
22976
79775
-27036
26576
-63009
-4820
-80903
-14556
99591
-65587
-84105
687
-71097
19505
-38121
-70894
-37994
68399
21201
-5260
72294
-7015
53227
-98761
-8288
-32628
-66010
50268
68630
2467
52744
-47760
45268
-87024
78833
-86460
4311
8546
-43649
-43929
-49717
43057
-67135
9901
31469
-87963
-35622
-35303
-74074
85288
68507
4394
10862
61223
-65690
-90123
-56976
-59035
-30766
-42931
95747
21986
-12441
8451
-57275
-51702
-84908
-55984
-35429
74411
-58624
-34460
10694
67172
68536
-29960
80103
4851
95645
-55141
12775
18369
-39291
16506
96906
89714
-49373
-90362
-56653
-88665
15077
8928
-69015
-25290
70263
-11159
81995
57000
-47894
-38857
-45784
55907
78807
46589
-51343
-72843
6725
35357
8537
-26759
65650
-11995
-31727
-21393
-62810
-76496
-60866
15562
82565
32488
-6860
82278
45679
-14492
-19610
67399
41462
-9361
-503
-81384
-44798
75685
45749
-73361
82745
-23222
44949
-87793
-9146
23778
-8594
93957
47967
69343
-45876
-80661
18717
21242
-83901
59442
-10968
-43306
74308
-52935
-40584
-14058
20252
-7686
62206
-15302
38254
-79103
6674
-64413
80446
87765
38690
-67933
79570
-33418
88165
-99604
54764
12177
-98050
49592
4960
-31617
93159
47357
-87365
49597
1249
-20144
5519
56429
82490
52601
-91769
-18576
61246
98460
-37655
11088
74245
35639
-23699
32746
-28754
-78779
75202
40327
-37024
-62295
-71767
13593
51052
996
65736
-45223
81917
89715
5191
-5685
-82397
39427
-95015
8555
47877
66933
-59023
-10979
-20259
-61392
-37598
92837
18673
58590
39309
-99618
60546
-10600
35480
-57096
-28556
-70629
-50357
-82415
29296
-45627
20362
36968
-77567
-57292
64323
-69925
-98977
85169
57840
20032
70551
-69758
85088
-75015
56810
-31129
55222
87762
-69304
26561
90962
98708
82268
48818
43301
-50859
78541
-25476
65142
-92365
-22481
87395
-75291
-22606
44091
68579
68884
64007
-47887
96116
33537
-33169
-70309
14708
29351
52890
46627
55644
15167
-24243
84153
56553
-19618
15226
89419
-55238
-96248
-29902
98001
87026
78878
38498
-90955
69133
-9732
44439
-83105
-13543
96412
-39039
-76994
48425
3481
1159
69637
-58553
80633
-94206
-62414
-92441
-38728
-58319
68250
99807
60617
-75652
-53439
57211
-90331
76191
-76458
-87662
46813
76810
-2764
-89285
69083
-42011
38494
49882
7716
-21170
94396
28325
31832
-78630
-25711
60101
6322
-75692
-70727
-99918
-39885
54476
19761
21971
-6284
35330
26128
96706
-61061
-27755
-43852
-21134
8539
83476
-62554
-77144
-20110
-36355
22499
14671
-46517
70035
89710
37488
-3176
-53835
-20818
-51365
-69031
-48607
24105
94822
-32581
73579
-81594
23058
73686
-77320
-31021
-66648
76003
99237
49188
1805
55205
71215
52987
9335
65801
86489
11832
15251
82036
88899
-13505
25940
-31583
-72683
-90952
53226
-84199
84173
-85446
26346
-62209
-50325
30679
63780
-74225
70989
246
6344
65281
-17281
-59777
20828
-55890
-34454
84560
-91823
-20454
45055
-92999
13046
-34861
-31060
59443
-51727
13847
60927
-97983
24050
-10571
-77749
-46965
-83838
-67153
38968
86756
15530
-48868
82230
82280
-75070
3195
43807
-68863
-86473
37592
-56966
-84989
6783
-75737
60714
-73686
-64847
-84959
73144
-85085
-96743
-12424
-44500
95297
23425
17145
81598
-10427
-29245
71326
56774
61061
12316
890
-22646
18917
95236
-49636
-41015
-15516
-76664
-90363
-99433
7254
36234
89200
-45837
-5513
71278
-22788
-41838
79567
57502
37327
-23685
-59217
-18829
-84669
-96863
-63829
-3696
7389
57340
-6532
87684
45189
207
-71786
-1114
-1359
5177
9331
-94457
89141
95147
-61803
94482
14193
-43902
37837
-62148
31678
-43527
-69505
-45720
-52256
97753
-22308
-80046
-24697
-97680
60406
-7002
-95740
62295
5767
21059
-3655
-17604
19735
-12069
40105
16651
93719
-65007
-22824
-28026
-93339
-92206
66687
-24179
60161
10471
-61803
-52550
65224
-23079
-83957
52405
53465
-94533
15655
55377
-90828
-95668
-48271
-50384
75435
-8572
27697
-31019
-84470
48107
-14196
34821
33248
82323
-16867
68305
39430
-44949
12653
15399
-91261
8788
-33534
-68466
48296
-85511
67927
-9452
-54950
84813
7605
-46689
96294
-79199
47347
-57389
4508
63850
98098
-56643
93717
38299
21238
-58530
94053
38466
90467
89964
-9983
-4420
77854
89004
-88246
-13362
78992
-92425
1608
50044
75243
87927
-51428
54580
38607
-89038
-76211
81311
72742
70063
-91929
1706
93792
-31945
28149
87909
59763
21490
-3480
32898
-60916
85512
35235
-77909
32426
-94956
80779
64210
-20304
71975
80003
-68129
401
77653
-88114
-1855
-66081
25376
79774
-66477
-1764
-79116
-53545
67358
-11799
-82256
-2001
-90480
94184
-18247
-68427
81615
-61136
72525
-72182
-35084
83880
-31679
-23279
-44287
-61841
-26744
56727
52453
65758
81620
22449
16587
-40130
-73845
-93225
-95686
47908
-50571
4912
31430
-95747
-54607
-43522
-39845
35829
47302
-46883
84809
-1421
-42743
-10558
86832
-32451
-20708
25913
83419
2337
79191
-16015
-6902
-82565
19755
21076
2083
93887
52798
-48954
-22870
43728
68300
90118
-64324
-70329
54081
22624
-56654
45329
55580
-59244
62401
-23050
63778
-96519
59138
96507
-88497
-36177
31273
62521
-54408
74768
45523
38453
-52317
80261
-2663
-11927
28452
73687
95989
-64233
53797
46996
57640
98469
-14314
64763
-19421
52541
57443
80715
88449
-22601
-91949
15705
-73794
64842
5363
23411
-10320
90540
9231
-95230
-64222
-7498
99966
99533
72068
7032
9041
88717
65336
-14068
-85535
34585
-45756
-13307
41499
-10832
-94979
-47304
-24514
57755
-20791
75520
-77845
-68580
-69489
95729
29017
-67396
62023
-6585
-78377
-18837
72474
9689
-36135
-27963
-52578
29485
8092
-89594
78123
87897
80763
-2462
-4609
35740
53449
15851
10783
85128
-12643
-27512
-8972
27680
-17972
26374
-76273
80467
-47398
91185
-3700
96742
-13909
14200
51389
-85055
4905
70792
56309
-87590
-76036
16419
97392
50927
78452
95489
40346
63496
27962
25443
7391
65038
61242
77155
36194
-86032
86176
-52577
-26781
16096
81113
24438
-88921
-37564
-71776
-33759
-59944
-60967
-91273
-10744
-17470
-62100
77148
59369
-15366
90381
41461
-55852
91579
26269
-71513
89350
60502
93100
67317
-9627
-97952
74531
-86433
-24312
-56380
26584
-22962
-94773
-50834
68025
-40456
41251
64304
-15594
8446
-67424
-6081
-63351
-81732
61432
-77839
24680
-9897
24484
-55660
3008
28690
-64488
-67786
35394
30832
78972
17944
-21630
-13320
-13976
-446
-77422
77152
-17653
30769
-5482
37125
59849
-56582
99046
77024
-99498
-21811
-36799
-14969
-65964
43067
38285
92705
-57671
-740
-83400
-97511
44852
-44294
-43875
-31261
6191
12370
-37250
-80606
-25866
-89911
-27896
21377
62035
-44461
65459
39090
70443
-82897
46895
28234
36017
-45380
43421
-95911
-34404
32876
90606
557
-85695
-63142
-9718
3591
27854
18584
-86321
-7488
-62061
-10147
36635
-11006
90429
65214
23483
-39049
-23406
77056
8242
27447
-12263
42793
-65711
83347
-51486
-41968
-44797
-52889
-55792
15654
98802
30906
-95766
2213
-26855
-87865
90510
6363
-52701
20992
-33654
-20250
29904
-31685
30772
-21462
33947
49828
-91804
-73457
-5473
56086
55731
74040
39638
-5723
14149
96412
-75133
59666
92189
91154
26105
-33309
17538
-33561
-97579
-58333
35745
68713
43656
82510
31552
-91029
-78894
-5293
-84192
25110
-79473
44749
32365
-49773
-2460
21816
-53288
-42666
-14039
-54814
3399
-95045
96981
-24563
-22785
-64874
-44824
-44690
-83916
76385
-72548
-46921
-75686
-87180
8753
-73539
-33232
49464
71829
71847
26277
-31600
13438
69937
-58891
-27021
91421
60454
59344
-89947
38055
77426
49408
-95110
-70160
-18858
-40114
-81171
71935
-19433
1303
49154
-76695
37731
38298
51458
81860
61200
78744
24247
-23466
69481
66104
-19465
-63461
-27062
63418
-90281
-49417
34205
61982
41520
20140
75522
-15177
20267
37760
-34117
-21741
19771
-61293
99662
-53601
18434
39346
-8854
-30676
-10916
60012
-13372
-93248
47759
66107
83086
85322
-37858
-92259
84919
42993
-88441
-91722
7912
-7400
-21090
27528
20306
23726
-51683
43510
-21596
-48374
62237
25835
-44125
-51978
79292
34417
2904
-20217
45286
-90076
-58277
22235
91738
62575
46977
41239
-83266
-65193
-87655
46014
3254
-23430
-79904
19775
-90139
76904
-79426
28342
-77429
-21446
-33072
-61546
75787
15504
-2845
-42422
-65208
-75165
86624
58236
-79051
68107
48184
67476
-39204
-82400
32591
-95020
-56600
26248
-97064
-45757
53803
-68934
5493
-47233
55504
97315
-36178
95061
39161
-5905
24323
-82234
-3031
-67461
-14032
38383
-12186
-56638
20474
64591
-26767
79225
-22275
-57076
-90637
58037
65746
-82809
-61491
-9831
80594
57429
-19340
86750
96027
-296
7251
-53703
43727
-50847
62627
-42013
-18786
-9352
33799
91325
-82153
-17889
-61962
-74082
36333
3362
-65165
69854
66514
97266
23038
-5924
44877
35324
-48546
-51869
-33407
86024
-97181
-51537
-70632
39532
7179
-8523
-96303
-94124
-91294
-56725
-77398
-26685
35246
42840
50437
68449
-2426
1802
74145
-68010
90644
19982
-84993
47385
-81022
83145
64580
-81885
-24943
-77786
62881
96535
41043
-90696
-90912
-91028
96029
20513
6639
65487
76280
-354
-13467
-57140
-37351
-59276
-43967
-76081
-12439
-85087
18855
-31385
33738
-10
-2926
73508
-34311
-52809
-10205
-18404
-63497
45476
-71623
73464
85849
67530
97525
24667
78736
15428
50550
-33710
-46952
-86594
82581
-24257
21763
-72086
-90298
7287
-50657
-96636
25908
-12780
11292
83473
1643
-58484
-93855
-7899
-59122
-13386
-11016
61841
-68568
15911
-86990
-40397
-8673
60624
-3941
99708
84378
-10372
88702
-90344
-33764
22994
-77338
-53283
98172
76282
-8660
-96995
59957
-50201
6126
13972
-88430
-69560
77645
94611
-66247
6352
-19156
-78537
75953
36039
-95417
96038
83988
48668
-80468
84260
73492
-80400
16607
-47068
-35197
72634
-65868
46526
-97797
-75642
-80520
27580
35442
-22918
-67633
-66285
43853
-57207
65946
17382
64306
86446
-7710
-27195
40698
-17450
-56237
72698
68821
-88518
-29527
-31915
74911
-69684
-99843
46584
-30658
-60181
-94934
-84158
11353
13336
21229
-60964
-43582
51210
81944
55082
-80420
-89621
-44818
45710
79013
17233
-36182
-67303
43238
36525
-20537
-27768
-67824
93159
19635
-51714
-56341
-82803
-33101
-45912
-44863
-37712
56577
-20887
-81335
32288
34382
22822
7518
-63954
-91799
74397
45888
-54321
8381
-19677
-54811
75291
-88671
-23122
-88893
-70437
51743
-4841
48965
66562
70625
3554
79757
-83807
56980
24462
59812
-94971
-72850
94301
-25807
88540
-60954
43088
9045
-26962
-91130
-72734
54263
-77636
61778
-32519
21672
15432
-14099
-41225
-57240
-68387
54963
20459
20579
66028
-93193
33155
-89598
-16606
-27394
27957
87204
48835
23042
-51383
-31433
42853
-45704
46640
49465
51730
64280
-56919
-86739
-92432
99648
4630
57513
-91649
-16717
3963
-77189
26323
6315
12624
16975
97583
30015
40083
15145
-77466
37337
46906
48931
-69605
-63757
31950
-77889
28510
41520
602
-40683
-91311
-51274
95811
59011
53868
-9485
39982
952
-32829
19471
-5631
47362
-88639
-97159
-84470
41279
-86815
29922
8834
71120
-76905
3806
91637
84741
31145
-99990
9272
-3356
19832
-11918
43967
-75515
-55294
-21052
75730
-47318
57680
-97432
14470
7909
-65153
-23283
87956
21089
-43208
-23043
72207
43409
-60413
20042
77296
21774
57945
93815
50156
15376
-20367
57004
-63057
93093
-63770
5676
18622
-31015
-79432
24966
85410
-65418
80168
61047
43190
29051
44326
-17026
59046
-90245
-76265
-24784
-40788
-74327
-54557
-83760
-52639
9236
3120
79042
-94998
-83383
-43823
-11817
55903
866
4741
27
94540
-12885
-64303
-52204
-48422
38368
24724
-17431
-97696
-12296
34264
-65116
9864
-83117
90275
93344
31571
-47217
-79732
-4660
58619
-32830
-24103
-97397
93273
-19326
22302
91013
-66478
92681
89877
82603
-2537
14988
75102
-40642
-13912
17849
75541
38498
89867
922
-93872
9951
-68349
-76483
53549
85318
32093
-58421
-64138
19699
-98955
-9282
76414
96417
-90426
24586
21461
-55862
53850
1447
50919
68940
-28350
88657
93706
-75049
-49864
-83130
-35388
39964
-87578
-16210
29160
-2593
97297
58755
-90310
55894
10706
-27708
-18380
-19904
60688
56045
-63576
67560
-57061
-7945
-16303
-83367
3588
77027
91929
94696
-65570
84644
-76832
50242
-76750
49789
-14360
-99116
-31118
27825
-5458
-87650
-6478
98925
-40306
-50556
-91985
79457
-18366
-15013
41499
1649
31993
-9360
91011
-89174
-20365
61303
-64663
-82752
-61642
66473
-97192
-20163
-62985
20981
-93040
89280
61558
10419
-3542
20425
-14734
-60494
78644
-21341
-52014
68656
-82892
-64010
27607
-864
-5185
-25901
2038
-70273
65899
14617
17513
-31545
76248
1281
-83561
-21271
-44253
-45799
34526
-74292
56202
25651
-1162
-2891
-84185
17524
-29887
13026
91523
72335
7113
-18992
-13020
-21166
-13398
75474
44730
-33120
-58890
27768
-67204
-84491
-16548
46048
-78697
-30748
-22990
77971
-31426
-76475
58216
-3265
32939
53875
-62749
-3884
97907
48618
24723
96949
-60722
-4999
56605
-85913
11813
-88919
-61104
-83434
-35915
56954
23187
-84521
43765
-41071
-2124
-84046
76690
99199
15216
-42317
65071
64830
85600
32734
16141
-54487
-52793
79764
25631
86991
-53262
-99262
66973
-93934
-83709
-75268
-64341
63972
-57011
7192
83133
-56812
-91702
-76608
67644
-41117
-24467
53132
-85063
78402
4131
11445
-45683
-94756
-55963
4304
65731
6021
12628
91133
6677
-7317
4498
-82549
-94039
36305
-30761
-86457
-59786
-15266
-540
21834
26902
-34931
75637
80547
-54990
86226
81411
4633
7867
15155
-60840
55327
50491
53228
22825
-23345
87567
-20957
36958
-82222
-36530
99258
41579
-92469
-55260
-9142
-51559
-68947
77491
-99966
24854
-42155
6902
-47829
-19979
-42040
37179
14476
31262
35823
59294
-31998
-62538
-35367
64026
29350
-5268
-44503
47126
66348
51555
90461
30560
-37436
-20940
47487
96369
-99669
42905
2608
59272
88090
40641
34930
-48386
3870
-84822
-62379
21539
22582
85252
-27914
56214
77726
76896
-54134
-65185
10713
654
46027
58446
-68380
-78145
52436
-44233
-88928
-12013
4422
55661
-1761
80920
-5281
-5832
-97856
82748
-25182
77138
-52508
-44177
-95656
-22266
-22992
12384
-25462
35907
3784
-71191
58332
-80091
-69664
82511
12360
-24276
45651
-51559
-50176
30691
-10789
83906
-14691
-16223
67873
-93199
-98465
21028
-11681
10966
-61411
90404
-29596
2158
23243
-92421
73497
-52515
44682
-93777
92323
-37734
-92326
15542
31126
32789
-38710
49138
-2294
14285
97017
12725
-4849
-16289
-53903
-91312
17150
-22016
63343
1290
-65974
-65393
-72623
-39898
62974
86360
93174
12513
-44582
84848
5191
90561
86026
68868
-42861
-79911
-8698
-42165
95977
-92866
8578
-56967
-64494
22372
21775
-94701
96538
-13600
64133
14237
-52460
56168
-22931
-91842
-39374
95518
-48373
68982
20914
-89178
-79263
-57983
50145
-80611
-29886
47031
16381
-95008
85477
79477
78044
69222
-36309
18605
1271
-72585
-40466
45669
-12676
-86874
-65868
39550
-62004
67204
76206
-96908
-84625
-69987
61424
-28446
56938
-21900
63010
-35350
-48585
37357
-93025
-13326
-1863
-10380
-77556
58384
-99957
-91230
-56448
99852
4120
69699
-14770
36398
58599
-1867
81708
-63136
-2822
73761
-94393
279
83500
-53854
77984
90065
48404
-77309
16150
-99184
8728
-58861
-16656
95472
48715
-20577
39104
-49561
-89748
30095
-7014
53147
42850
76183
-69953
-97487
-95812
-71932
17151
69916
-5806
-3524
-80337
-30865
90970
-28180
-20341
78339
-27048
37021
26874
32747
75554
95994
38919
-23837
-42963
-35645
-83496
59292
-45936
35763
59431
37094
99834
43032
-79079
23341
11973
-24711
-5257
72794
49386
12660
-55711
-60815
88884
-53944
-49553
30134
-35949
77566
-85021
51158
88659
71992
61174
-32200
-36831
32434
-21281
80500
66353
94022
-10852
43071
43453
50402
72942
-7394
-9235
-16928
57402
-22965
-12664
-54715
826
33763
98989
-45174
-78349
-99218
-59507
-94083
3253
-20951
50268
-43304
-26457
-53964
-87835
67555
74816
52948
-48308
-62446
-13516
-97083
-26323
69286
-32974
-28512
68407
-25617
6440
69660
15740
-75631
27360
29823
-29581
29517
15986
60015
18536
-54376
70046
48185
-78621
-69292
61297
-68517
-73820
98544
3442
64946
-73973
52200
47762
13670
-24972
80993
87832
34937
-59977
54453
71920
46152
77656
-77639
-38315
-84720
18366
-65504
-37537
-89058
14280
47699
68138
28489
5354
63078
54414
27403
-63227
-62676
73580
-55892
45063
-2787
-86509
173
77983
-7631
95940
-73802
-73806
-5075
25876
-84517
45027
89547
91431
-55362
-60605
67084
30151
-26769
98435
-13619
14912
-63621
-67754
82742
-41673
7634
77089
37686
93468
-44980
-77191
-91607
84416
-1478
31858
96205
-17291
-69023
-6819
90749
-49102
18508
32984
47357
-7012
79943
31947
-94617
6224
60414
-6981
-32707
-44051
87630
-23309
33012
-70183
-20886
-55089
-27872
78795
-63233
2384
78939
-27564
-2030
39967
-12488
72141
14068
-1518
-23295
12937
23060
-85378
-16754
-97557
-74330
30540
11298
25897
-55319
30543
19560
-7339
15279
-89625
-99499
-6212
-22954
10971
-9327
-39385
54909
82085
-48964
480
90644
-20796
-14777
-73608
52392
31112
-53121
27161
-24412
-46597
-58218
7764
-44787
77509
-54394
54441
96355
85229
-68118
-68541
-42720
-38820
-27177
-29795
-38461
-70480
-9375
398
-59795
8551
-64417
-10813
88253
76931
51803
44827
-58338
99550
-99796
-93903
-33978
-8061
56055
-14
-89888
-92595
55079
69975
-56087
8444
-37349
-13630
-44396
-36009
-26980
28840
15667
70186
66326
-21964
7105
66196
9619
38742
-97896
-45660
-83401
37985
-81993
-92352
40969
77931
40793
75338
-61259
-22179
29454
-44704
8614
52701
-88953
-98764
-14658
-46971
-49663
-13735
-65282
30157
63319
-6327
-70072
59060
70757
-15574
-11555
-72399
15436
-68588
-93625
74472
69268
63356
81757
-64502
-52580
-69775
30053
-51628
16740
62124
91986
27343
56912
70487
279
-69287
-30380
-69239
55200
54238
97512
2258
-67165
-8419
20050
-83722
-63292
2170
73843
21466
2408
27266
-7245
8421
80739
28577
-46963
-49212
73524
-51626
26323
-70097
-23063
-60515
94596
68907
38001
-93025
-52745
-60147
33669
-62803
-61525
-24248
-33178
48571
20848
67413
2727
43957
-41789
94395
-38165
92574
43813
-36245
-40244
60770
58938
29470
-51593
-63355
62928
-31165
-89194
-21455
-9115
55784
46607
88859
84992
80867
24598
-38922
-39612
85673
-83224
28973
57711
42443
-62232
12415
-92397
11524
92646
44190
-16895
-39285
-26341
-45059
-59273
-21855
16957
-87834
-14823
72102
53739
71573
53569
-43188
61292
-48158
57355
-76372
75757
63316
18409
59109
-94527
36855
-55278
-55297
-61883
-78608
-67967
-31761
31661
-18882
78058
-35269
-24740
76187
53893
-4220
31795
-41986
-17369
-91255
34802
48692
-41491
-34071
44794
-93682
-84008
-39933
-34752
-18150
79104
-43270
-25829
19510
-96699
47879
63082
10276
72555
61381
38205
-27736
-38927
87009
65301
65909
-75180
68231
-14195
58061
37376
64010
33169
40770
31567
79276
-201
66428
-96912
12220
24389
80004
-76085
-531
-86366
4030
85430
-33369
96999
-33750
30474
-70961
-97092
-85217
-59993
-9762
39270
-53440
-82160
48607
-2072
-3542
-17988
77595
94879
-85988
49984
19306
44117
99488
51966
-44491
-35042
3150
-98604
-86736
-84280
26618
79410
9744
73974
-67035
46306
75003
78403
50990
-2286
-38255
77849
1968
18482
-15260
-19476
68176
-40543
69112
52650
3391
62843
-89437
64177
-99604
6031
-48592
54529
16553
29409
-43446
-72483
-13030
49188
44142
-69798
12826
-61354
-37235
-63563
37246
3989
26653
47773
-9770
-35238
-31797
-13875
-63391
18511
-33030
-95996
-84728
-82472
-33643
-7629
56637
-91275
86903
-62325
93036
36745
51176
73665
-3647
-82717
24404
-61039
-16801
64496
-99368
77885
48446
-41180
72933
79869
71601
-86576
80513
87676
62281
-49436
36987
-67050
6064
14471
-86058
27000
91168
-4351
75387
67357
-66243
90949
80252
-40821
-23775
-1270
-22109
34194
63640
30281
37041
-30529
-73263
-96015
42478
-65931
61565
-21768
-29829
85875
-30458
-11694
71001
44642
91256
-39456
82812
84409
-88298
6295
44399
-3779
63743
-89529
38101
-87742
-38124
-95534
-83338
-81677
-69537
26092
-3384
65902
10915
-6987
69498
-57030
31404
79728
-65662
-11251
-62072
-99959
-20056
-35015
-74764
-70616
-94079
92908
-47989
69146
60587
91005
58035
-8288
-23770
-56464
-79522
-12389
-70411
-67223
-88862
69412
11129
-73215
-42857
90752
-61070
-70513
-84038
64755
53907
-95814
-3080
-99099
-62851
32202
59339
93603
-42312
-35485
-48566
-74724
-78012
98597
66421
-52238
67708
82188
-26097
-92405
16733
-20022
-5623
-24650
-12935
-54777
20387
-69898
54722
-21083
65693
-49521
-97189
61029
42872
-6424
-27888
4780
-11602
-51889
76954
-67765
-29622
-79830
-56214
95466
-99989
45984
22322
-40811
40775
-39566
-42621
4578
-14628
-51986
63826
5089
-8480
-12620
61884
25498
-42210
-15160
-17123
22081
75934
87520
15742
-37806
-40861
-40077
19453
41804
28098
-43628
85311
39455
33597
92011
56645
-43027
-48754
89831
46432
84908
-23248
65652
-41908
-67959
81609
2471
-51009
-36293
-60014
9401
29357
-67929
43505
-37165
-33281
-26306
80346
61434
99297
95260
8042
99646
-628
97532
-29537
23772
-84988
-7999
13141
2484
73708
-94645
20676
43687
-81804
-5150
86199
81004
20131
8068
6147
-73698
69919
-43676
-68740
-36621
75213
95412
-73479
-28152
41521
44485
-76950
-10978
85854
-9642
27282
-15141
58741
-51202
21987
1901
-59956
-63195
39778
-19851
-26837
18656
28625
31580
-67499
-31851
66968
10887
-26771
77243
9739
66478
-68377
-91048
-22072
-7508
32713
4100
-20375
-517
35161
-26343
54682
-16403
69960
-61447
69880
51695
12894
-45550
46885
13781
-11483
88509
86926
19319
18607
38104
-71996
33522
-33411
97481
-53122
-33825
-29531
14302
97965
50415
-56276
35726
95588
49593
5459
46339
70750
-6085
-93678
-2595
-92998
79447
-46705
98163
-7923
78526
-52344
-78787
-33062
79191
-50314
42706
-10965
81671
16540
39566
53067
87584
71063
12157
-61180
-81819
-42575
-65894
-58498
-66241
23503
-99191
67326
-15185
49296
33386
-29918
-45784
62210
-92711
60866
-87651
77625
91208
-33629
-69592
96904
84656
67053
20841
-66733
28327
1436
79429
-83538
42186
27341
82900
61220
63975
73097
-38287
-28026
-45555
-87210
72254
-94688
17701
72168
68987
-56012
56077
-22911
25694
51034
-78656
-43057
-28165
58264
-64550
-53153
-88858
-90659
27990
-79745
58544
84725
-52104
85827
42359
54261
12608
19279
-79671
69427
9675
-34051
-92823
-64911
23132
-81920
-27248
99810
-60426
-61227
54116
-98526
28379
-2081
28469
-13259
-52284
-22249
37126
84996
88609
44949
16243
51822
-3348
25830
-37532
21520
88487
42091
52292
32712
-97525
-99233
-4907
-643
-92477
-12867
23399
-64368
74899
-43802
62124
94316
-79254
-61039
25670
56641
66838
62837
57499
17608
-58323
50828
10662
-92687
59059
-16755
-35284
56271
-93348
84714
76622
-20331
-30472
18059
61846
-74359
-72038
-39131
91902
-32553
53932
-38983
-56442
-7413
-89928
-69730
-51264
-28947
6416
6617
-9366
-95434
-8100
31080
80429
8701
-31855
74446
-10191
50585
26237
-70299
-6612
75348
77783
55021
88753
-2573
-20490
99552
46433
-87917
-39289
-88809
97703
-43431
83763
-9323
-86938
89183
46214
94351
-38703
-54217
-31913
12944
28161
-93929
-17406
-60265
-9136
56261
-81036
91276
7320
46019
-69631
16748
-92513
-76482
-82690
-85181
-40180
29825
-86339
65645
69236
-24633
18725
16569
2820
87765
-57668
65547
35026
11356
-27691
-16581
-82258
-45760
27018
46263
-39029
-65744
-69824
65509
-18294
-93887
-26340
53793
-80167
-72684
-47329
-243
65730
-36957
-71918
-79868
-92035
-32444
5116
-68200
72920
-26802
-57124
-86608
-36192
-55039
-59829
-42172
43427
-23461
-92619
-48823
-41770
10315
-77547
75436
-52637
25375
-4928
31445
61516
9980
-68251
26026
43201
61372
-1055
-19875
-536
-69927
-46235
97566
74085
-15396
20781
-33869
-52432
-21012
-74957
-40050
-19763
-21547
86807
-56697
-48258
85416
99482
-62094
-28648
97113
75041
9442
41754
-94933
61838
-50628
-56755
-20040
74183
-62179
-11803
68812
61631
-17061
-28093
30215
72821
-89453
-5466
-32822
25493
72135
-10844
-13732
-35511
27752
-81444
-9809
-10003
-10443
86614
1007
-93701
-42709
-2762
-29777
-21834
65355
-28151
-75162
-73475
-4909
-34513
64215
58624
73346
68051
89910
71373
-78420
97636
44617
37042
-82624
-62071
8334
-37238
-46651
7682
-78358
54609
56674
-5880
9318
-27205
-63373
-43418
32361
26198
88809
36630
-89156
85983
-19282
70594
55498
-47848
39657
-42916
-872
3671
-72281
-39667
-3214
-97991
-56232
-3282
-72984
25465
-501
-41360
-28868
47162
-80606
-79487
-86341
65794
9736
51400
86113
67291
-80154
-77608
-86668
45698
75071
-88765
-75803
93107
17253
-52492
78348
259
57020
33684
-19819
68713
82673
91587
79866
-48355
52526
-50950
-4237
-91366
-70719
-51587
80239
-49509
-47009
94988
31304
64188
-25310
56471
-29929
-38084
-87796
16954
-55244
26576
-117
69727
-4735
-59188
232
-92957
-38317
16599
40187
-77865
-86455
90583
-22582
73223
-96983
83774
44525
51688
75900
-73323
6069
95887
47463
1734
6500
-34383
-44424
15668
-36218
88982
-21520
-27253
43886
-15483
-79997
-61660
52983
38833
89400
-21657
84263
57141
79771
71773
-74456
-33127
73339
-21457
-82151
-75765
12324
-15080
-12836
-72244
-6421
-42137
-30913
3081
-16517
82373
-50323
67123
-36290
-29703
34344
75622
29927
-3935
-89248
79175
-10480
-27017
15462
-88820
-77843
65572
-44108
-2740
-47055
-83889
7611
94155
52127
-30441
-93372
-88949
-13513
-44658
-21670
-14704
-24472
32739
97461
-67904
-47587
79791
-5371
-34709
-1357
58975
3482
55251
74014
-45199
-38310
-2192
88418
-55126
-98459
-70172
32671
-11443
-53886
-73081
-19289
-20248
-44864
-37430
65880
-9178
41666
-60229
-63300
-55432
-13310
-57739
51677
29248
-14006
-27275
8081
58960
95313
-15303
-4495
22983
78468
-90915
-44622
-35999
-61727
-82535
-81791
92386
-80384
-81548
3117
3289
97525
6234
51019
-96112
55691
-22612
58261
88482
11696
-6056
-58760
-41491
37691
-68201
97289
68554
-38013
48466
43217
-75010
2043
56903
-92770
-48353
-23218
27382
-71485
43891
91177
96650
65232
-91450
99911
-27323
82249
-97488
-49524
-4276
52497
-50703
60111
58779
46927
52191
-81666
67633
-65435
-45035
-71702
-14165
-22698
-66276
71134
67242
-37039
12850
70450
99952
-7751
38252
58484
66408
23531
13965
-2510
31250
-3390
56658
-79821
-10073
7485
89711
-31804
-45575
96359
21157
77429
85889
-91905
-76252
-51974
-35078
34983
7091
44247
23905
35366
-97392
-76689
-39588
82171
40398
-79778
78955
-64506
-59873
-3279
99509
17629
-78304
-6981
-43899
-66755
74747
83837
37696
-94287
74140
25340
45716
-43056
51008
61096
62987
39556
35084
73111
73715
21307
-92092
-53405
-1588
-26241
55507
52449
8846
-71734
87247
-79804
68781
-36170
18737
6004
21632
-66023
-92582
-79315
-28591
-93730
723
45010
98671
-71516
43453
597
87479
-7522
10779
71541
25647
-57948
-69910
21525
84504
-94862
-66929
-60039
-32660
39725
23138
66923
-33462
41219
-72373
33346
-91948
56051
-54222
-69677
40936
93388
-69673
-55301
9845
-18230
4097
78746
30403
32937
-1492
-2406
-786
-64881
-8268
-50417
47814
59447
14253
-21968
-48537
15631
-3445
-53267
13039
-26368
-87086
35839
-98898
-21226
-54221
-69536
-78754
-57087
-71017
27439
-26031
41937
-37402
67193
-67824
75183
44947
-26622
74992
-65697
-49537
30282
87254
-67786
14015
46806
-20677
28417
-86676
-89903
-92422
-44162
-49294
-21734
23854
10140
49328
58950
53810
-9817
41999
75303
-12833
-95566
-10455
94867
8862
-31634
82563
-36662
-43890
63074
-81330
24140
24613
-19576
-74325
26580
-97194
73030
-6455
-97415
-96166
2464
87125
4783
-2866
660
-68712
-17205
20285
-23463
-59967
6130
-28640
7707
-3400
-36396
12765
25571
-82233
-25696
-7120
14725
-42753
-91774
80240
-52202
-39263
-6605
51629
74841
60373
-92839
53310
51545
-65470
-3351
-9799
-37512
-96424
-94718
1083
87130
21415
-86164
59060
-19260
-50747
19068
34810
-66450
-65162
75671
-64586
5577
-74266
-86589
-78789
-21140
-99121
19119
42647
39935
-29266
28019
-91152
25128
99188
-48712
-99235
-85610
40384
21773
-11205
43922
36006
64397
-36905
73933
-6779
34788
74255
-79238
-86340
-84494
-26068
24978
-90450
90733
-56704
-40551
11670
99350
-771
-58470
-66690
23883
-89263
3860
-33485
-91532
-14903
99127
-44042
80322
-52487
-94478
94303
-48524
-19690
-50085
-89101
64782
96184
40394
-84650
14226
-7378
-72984
-94834
65055
-34613
-70455
-84452
93138
33849
-76180
28728
14631
-19628
32115
48455
62948
66791
-88326
-1429
-31286
44886
-13098
10891
11690
4648
-60740
39124
71774
-56718
36612
71777
-14688
67044
8300
-76621
55174
-50826
95548
18971
77129
-66946
-96179
40712
16229
64346
22135
-45070
694
458
68361
-73940
-31079
-77406
90669
47724
-13210
75818
57469
96833
52556
-2059
35976
-53212
43221
2591
42267
-96905
-68208
-16224
26399
84704
-3744
-95919
97632
-82233
37850
-12334
-69692
22649
-18595
-50394
-95782
-14060
-95546
-50287
-2005
-1978
12674
-30698
-98790
35928
-17138
-64483
16598
81914
-3635
40416
26943
37304
-35135
41228
17641
-21237
-45432
-30208
-32366
-66259
56546
81328
-27663
47260
94819
85305
-34539
-23290
4811
24465
35608
-43984
-48565
19085
-84878
76570
-43503
25781
-95364
-28075
27606
40083
29670
5499
76822
48294
-85203
89482
52243
17499
-28026
-6182
-97019
-94021
61949
11544
59844
37888
-68553
-39253
-35925
-49873
-88523
73850
-47336
-28483
74081
26266
56766
-12722
31007
91843
-49447
81945
12137
-46773
-6680
-89000
8033
27318
12110
-63767
67697
-88341
20139
96167
88667
32319
37531
79048
13545
92265
-54993
-29678
-8349
29488
-12023
19077
45430
94224
43058
74485
-41468
44135
-34780
-51914
91827
52606
-3476
-17777
-86578
32078
-61713
66759
35191
-32048
-33744
-4378
95449
-20026
-95531
-98806
-96429
-43830
-14004
56740
-96381
-22131
37888
-72085
-80780
45909
-14670
-12064
-44130
15953
-61318
47488
-41437
-90727
64632
-38604
21468
-40177
-46919
-18146
96924
58344
77246
36937
-67799
18197
82137
-22455
-39264
23816
-58292
55585
-83694
53665
80579
67933
37196
4709
-66237
2773
-86314
-25748
30791
56761
79585
76996
-53684
-84286
-59565
39270
-75438
-61653
-10259
97942
-9237
-54942
-37069
11409
4842
28888
-82978
-14956
-30753
39292
-43189
-88515
82200
13177
-33513
-46245
19349
59923
67062
5530
99341
39755
74923
-27169
-63659
65343
-90222
-97196
-98442
-25813
-27363
-95528
8756
-95914
-94166
72553
80111
37161
-7244
78186
-27462
75265
16407
94230
-4018
-40914
15409
-53626
24715
-60244
-49407
54897
67259
73659
58005
-52652
-39313
-18087
-25184
10281
-53878
-79703
-90232
15149
20783
46550
33583
30123
49968
-57805
4591
-33837
34230
44240
77234
-51051
-54466
-55950
17124
-718
-6520
-51275
58766
-89300
-40588
72120
17285
24945
-29343
22464
-46811
-34088
54433
-63671
-60196
80364
-33903
-28234
-22972
66603
42365
64900
92586
-80748
58766
87899
34739
77
17331
69492
-51264
-91263
-33845
-98081
53346
-61853
-19816
-73816
-7845
47397
-2364
88332
56455
4504
-17007
87854
-81566
-21874
24092
57535
-34851
-20583
-52669
-96770
-79994
-16277
90764
-38341
65597
-17142
-77403
33969
-64095
31579
-10143
85756
-22826
61943
-10125
-51132
-57207
-59820
11672
-4323
-54289
21507
86653
29778
-80568
51359
-13646
33012
95756
25174
67665
-96427
53549
-91343
55830
-45296
82502
-67208
-53299
39487
-58193
-6445
-37934
80750
89886
-27657
-18780
-39959
-19387
-3672
98637
-93501
-35227
-60319
-19284
-12985
-47975
-57842
30358
-90005
74700
-93953
15695
-64692
58032
38367
-33557
31177
-40546
-79229
-69810
37581
-73859
22778
33908
89346
-47175
60518
-4237
-19948
70815
31786
-27385
-28624
6986
56125
-60973
99337
-55699
-10326
90123
-89000
31082
79851
84380
-48626
-84580
73674
27326
-34190
8444
-64569
-11468
3123
61713
-23224
10763
-7660
30150
-91503
95843
67783
-27794
-65669
-64473
4800
-8936
3024
34631
77083
27047
-36056
-47031
-28999
-48352
-2125
-13902
-91253
77509
73274
-56802
12807
-51151
17942
-48834
-61045
13032
51354
-90735
-82277
-61839
-44666
37395
-51255
-80067
85773
-44607
-66858
-83890
89456
-17277
85205
-75813
-39321
50577
69350
-92279
59923
80496
603
-97106
10138
-64508
3579
85655
31072
83971
-83542
-88394
-91905
-62561
74001
-3940
-74887
42459
-97022
44564
-80783
97650
-39794
48275
-17803
-57502
-42673
9655
-96688
5306
-7149
74201
14502
37403
-25499
-98282
-72358
-5139
-27788
42056
-61356
-89750
-6699
79073
-15802
82935
-94062
-42646
32125
-3363
19106
-89069
61844
-84278
-81124
-92914
-36719
-12157
82598
-83417
11689
69387
-30072
41569
-21638
-13410
-62053
44721
10618
90999
76655
23041
33374
-50405
10944
-93992
95591
26305
39946
-4399
85472
-17210
6649
76300
66586
-31872
-44468
-61094
-11297
80430
43898
96856
-92167
92328
2639
25209
-48733
-54957
65067
33018
55159
-22846
-42291
-10279
99255
-61311
62102
97534
50370
-39280
15096
-7367
74707
68652
-1323
-1344
-65504
-9957
74374
-47253
-38605
83124
-83139
-11708
-57332
-14189
55942
-19537
-61145
-79222
-32896
4418
58042
-69068
73408
74715
-98152
-24803
42299
-67103
8013
-73183
2351
-53708
2560
7026
67293
74736
-91792
-96608
-38892
70080
39917
-33639
-18505
-12759
17821
-25330
-19571
-62570
-91970
-47230
40098
-92263
17746
5428
95414
24689
-14122
-63906
-57748
64084
78578
71204
34026
-430
19744
-47245
-62367
-3227
-32368
-41128
66427
-60146
-34865
-95078
43297
-23425
49895
-67988
-47549
-33414
55074
-42459
-40060
-90652
-59893
3671
57471
29206
93077
-50871
18293
25178
6994
-78430
-9091
11635
-12750
24452
37885
41342
8430
37612
43128
-1136
-99416
77956
49604
-35882
46480
16730
21471
-85650
60266
-15697
97821
64605
-69826
66088
98649
63205
-82806
77616
-90930
46423
75195
33757
9482
39571
48072
-64971
25610
-30592
-55674
74794
-2743
-70177
-23113
-59518
48428
-17880
74462
-80362
-56168
13549
-57337
-97035
-80822
-15008
2684
33357
25421
18362
-75297
40170
1214
-43889
24975
92593
36506
-82082
33754
48571
13484
-53988
-79318
52535
-50044
78304
-60329
-18959
-97845
-64114
68462
21652
97573
67485
55983
9514
-64504
-19260
-90901
92682
24146
80786
4768
19658
84612
41427
5345
2920
69417
-22091
91429
52338
71252
-23197
23570
84073
92563
92474
-11421
2536
-84757
-50405
54182
-52767
96132
16404
44662
10978
-16195
83496
-33006
2320
-51221
-15073
16102
-14064
13314
54621
-43979
55597
86352
-86487
-64872
45960
-29553
-64288
46114
-18595
-54721
24769
-80633
81978
-77002
79015
11108
30519
-55014
-37901
-61573
-35864
-60576
46119
-84003
-64668
-67366
58921
-7315
65680
80919
-20896
-652
-78658
18761
25415
-59115
-92158
15389
-75586
-62701
-26797
-1081
-26693
14231
-4572
-42572
-28744
21792
83172
35290
18932
41311
54911
-13996
87477
40112
-72174
-84217
-19408
78124
75266
26174
57186
76346
4749
42760
-5760
-57060
-60618
-2348
-55237
57388
-12944
-89912
-8877
40354
65822
-80571
-87817
41789
94975
-29186
67844
8489
44863
60430
90688
-54819
44415
-42169
80007
-58519
25839
-4151
1002
-11770
-29042
-34649
68234
83548
22688
-83155
-52800
78512
25535
82108
-24702
59067
-21441
-85297
54305
53431
-9912
-82664
91903
-17986
72321
50119
-9013
41310
5790
26316
-18887
75209
-27295
-26553
50653
-38626
-40489
22292
35329
-25068
-5797
-33246
-85353
-93484
96253
-58714
35919
71798
-79749
71833
-35067
-44451
-2578
469
-67846
-64670
-65789
66720
96585
-65615
60818
-62095
-79365
51560
-50191
-15917
43722
-70305
-50272
32538
12651
-70029
-11852
-50268
-49705
99041
85427
85335
-57687
88860
-74924
96519
-27207
25006
-68072
5102
70326
-22119
91262
-155
-38068
-38921
18327
-19361
45590
-20752
91576
87309
-63456
58371
28114
73778
37222
-24310
63238
83298
-43471
-72499
11671
94553
2962
61464
76213
23424
-90009
-50506
-50374
-75851
-70367
22349
-33069
-22910
-32228
43231
-18374
78585
-80706
-24969
97692
46594
-75311
-24281
-93706
15170
-91484
1169
13154
4496
-34444
-90533
-51021
-16868
-93777
79336
-96273
91318
45733
76350
-21802
27006
-54330
53835
55971
88635
44624
-78933
65824
-57990
82705
-50881
3243
-97834
16331
6280
-17088
-91858
55706
62484
-71076
38773
77080
-97535
48454
-87329
-69713
-94327
-24221
-19278
-14182
-77475
18330
-56877
77808
96631
-68454
-57992
-17803
-97813
-38816
69806
8495
77180
99320
-27270
-44700
75809
8309
87821
3265
-35160
-72559
25738
59515
-39329
-13135
93692
59224
35893
-37832
-17742
-59815
-74465
-9477
-72473
5261
89941
-45444
-16471
28033
-40932
90783
32302
6458
43231
53226
3600
48026
-8197
-89912
-34978
2551
79749
17035
-54213
51724
-70758
96573
6785
11356
-7420
-68324
-92366
-36954
50362
55863
24164
51293
11697
-85123
36318
19517
6375
81872
-77121
86848
58962
-71146
-72988
-15626
-88171
27983
-2060
-20324
63238
-83601
-43128
13350
-98880
-95334
-78399
-73059
-58917
-21478
-73446
78213
41470
45470
50821
5520
4942
-89847
84280
77286
26687
-53395
-34213
86484
-19836
15869
95445
-64947
2241
-26776