430
9029
4624
7619
6585
8533
4053
195
2402
5052
3435
5204
6477
3655
6924
8343
4639
3973
6921
4882
5971
5200
2297
2246
200
9168
7678
8169
254
4039
206
8327
5337
1349
9830
9289
7303
6456
2512
822
7354
1582
1927
3777
9979
379
7316
222
8563
7841
9168
4832
6713
8144
6383
5879
3648
3759
2747
7114
3574
5693
8690
7571
7026
6
3811
513
3235
6404
5302
7558
4570
3806
5861
577
1859
6401
3445
6123
8015
637
6107
330
7599
3159
3040
3666
3168
6477
8121
4692
6653
2864
5198
1891
1673
7235
5568
2424
6893
3878
2283
664
8655
5484
8962
2727
367
9423
5973
611
5260
300
9448
4028
6508
8892
9021
8162
4480
7793
4615
9778
7670
6550
1914
9811
6534
1789
1235
441
1292
8939
7030
8815
8142
406
8968
8583
1371
1030
2009
8456
274
9764
4257
3168
5920
7296
9401
9773
2527
3088
7384
4453
939
8325
5149
9596
3250
3737
2238
4580
8031
3685
2550
3917
522
2356
6826
6431
6943
2517
2678
4897
5911
6053
264
1849
2738
8279
8708
4360
5769
7951
2559
8884
6694
7207
6046
1596
8911
9641
4434
2015
4820
1301
1058
5274
2340
736
4434
6887
150
6554
2581
8959
5934
2854
1056
5287
9372
5694
1812
2951
5975
3719
8600
8079
8854
3230
1930
5028
7676
4546
2364
6166
2374
1307
3479
7659
4399
8156
1649
3707
4315
2675
8993
4628
6813
5094
8872
3456
8312
7718
1344
5190
1363
9562
9118
5228
3497
8064
3034
6215
2738
3314
4995
3439
5315
1040
466
460
8072
3610
7672
5636
5679
3000
9414
9246
2174
7599
6477
9690
9711
8265
7221
1361
9077
493
8449
7263
9523
4687
7591
2538
5589
7463
9374
5096
513
9032
6639
2270
7552
5253
1391
2394
9463
5467
6550
7376
2676
5177
5702
953
5907
869
9336
3753
6906
9508
28
4853
8486
722
1331
209
1753
8778
948
6808
6929
6027
225
2861
2781
6987
154
7022
6409
8107
9345
9402
8267
2427
8915
8723
4398
4401
1662
7989
7562
7315
6324
2972
4196
8467
8599
5694
5976
6877
3799
3591
6181
9566
7006
6755
6868
5996
7508
5172
4311
2067
9178
4213
5925
864
2776
5287
8767
6554
8982
8879
8830
2965
9552
5308
3510
5276
427
2087
7392
3392
7222
111
2229
5519
7988
214
3871
1205
4518
6730
7314
9043
231
6245
6651
2394
4177
2399
8832
7198
8868
4989
2020
5971
7386
7960
9164
4522
2280
1023
3645
474
459
5980
5711
4254
316
3650
4263
4117
4896
9148
1946
884
533
8870
3992
7381
6421
3939
855
9686
6444
409
3243
7504
1105
2822
7435
857
8450
3804
7223
1214
255
5944
3102
3180
8374
9647
5600
9034
5388
4514
6235
8117
2044
6373
3281
2657
2653
4935
821
6469
9470
9753
4529
3448
1636
1873
2716
3999
6579
5391
6685
2255
6276
6952
9071
824
6546
5205
3387
6801
5301
5483
4140
6578
7134
4289
3892
4970
6522
6026
2136
5742
355
4571
8793
8301
9615
605
8073
9193
8083
5377
490
7879
4965
4705
2115
3118
1512
7056
5959
5612
9538
3685
4036
3611
4750
4302
6936
8076
3424
4719
8319
180
1522
8699
8796
6389
3950
5326
7732
5274
2677
7033
6676
8236
4319
1060
217
3448
3319
7094
6312
7395
2790
6279
1869
8398
3808
1749
8637
4991
302
6286
4678
3750
3859
7277
1422
5712
9615
3107
2398
6813
3350
1570
1287
9072
447
2513
7247
9826
901
9679
5002
5969
458
6080
1838
1336
8334
327
880
557
7032
7271
4010
2718
8360
9967
2143
463
540
4069
9855
4940
6669
3877
4367
3373
4999
8122
7711
8882
9137
1540
6821
2109
2337
5708
6875
9902
3552
2316
4101
8029
7810
2360
8336
7828
3319
5541
8542
1596
6618
248
2499
4348
5292
8412
1469
4930
2110
613
1950
2410
761
1554
431
2125
4302
5690
834
8306
9390
6638
3508
4323
7146
4375
8072
6530
9949
3559
4925
5951
3799
7639
3158
3244
3145
5026
1636
1640
3163
1371
6304
7342
4041
721
9202
8718
6384
4805
2954
2058
829
9146
8189
8920
5686
8766
3312
9855
7305
1903
3804
2950
2582
7067
4131
4066
337
8779
8714
8610
4834
5596
836
2204
5255
3082
6099
5487
5764
6189
2097
8498
9291
6170
4933
8857
3089
2559
3502
3094
1994
3252
2134
3615
7461
9797
5862
3562
970
8760
2385
3438
9591
645
8435
4879
9243
8977
5307
9395
4980
9017
9701
4756
8331
599
1207
1576
7382
8743
4247
7283
6548
3133
836
5914
8600
9677
2518
2044
6075
2232
2443
1200
6992
1955
4624
7396
7290
6645
4995
4815
9665
6037
1883
652
3648
2890
4669
4694
8005
3736
7948
113
9112
7204
8982
1710
9722
362
3192
8752
8187
2619
8726
3964
1877
7098
4106
520
3467
1448
3783
2635
2196
9679
7651
2597
4189
2882
6696
2869
8894
4640
3184
2984
5579
5267
4041
2062
7807
3814
9444
7892
3180
7573
3926
9510
6928
4378
5291
910
1369
4805
5759
5595
7852
9718
570
8951
5523
326
5003
9507
3119
281
2983
3547
9504
9446
7353
5818
5911
6551
4701
1763
5896
1182
2000
1135
7180
8149
2812
9269
5860
3050
2638
1680
3703
5498
2598
3755
2029
7826
6477
1480
131
6782
4814
6642
8447
266
5811
8767
6422
1991
7391
2689
7045
1948
5103
5354
8634
1893
8548
3807
8554
5977
4252
2153
1872
5495
3867
4384
8998
7225
5650
7380
8497
5704
2604
3893
5294
2757
5837
4745
1809
8891
1627
1700
9405
9419
4907
4990
2784
3221
5277
4633
8950
8515
798
9507
2714
6464
8008
2288
413
5429
9025
207
7629
4440
415
3020
9
4507
4659
7291
6906
5598
2740
9979
814
4807
4703
6127
209
758
1031
899
2859
814
8761
7631
2359
8138
1607
919
363
6157
4931
6753
3160
9057
9668
3755
9433
1224
306
9351
4432
4900
6201
1179
142
9758
5856
7920
7372
5172
3319
58
8502
7363
7346
5989
1188
9509
1630
6108
3369
2700
6675
7922
9859
8552
5273
8710
4080
7448
8779
1739
1413
8833
5407
9872
1203
8522
8698
3320
553
3807
1298
2207
8466
3587
9583
399
3363
2657
3436
4804
1313
3855
5723
5140
2393
1745
1280
7026
7677
4570
8730
8180
7667
1759
7210
3920
4083
3511
2047
259
6885
9668
9529
9746
9360
7972
979
817
4101
8241
9229
374
2467
324
5315
1827
2211
4766
1008
6061
9354
2408
6860
441
8897
2782
4238
5887
7519
2017
1444
3044
4346
5751
1878
1407
9330
6499
4691
9278
6695
8023
7605
7025
4966
8382
8525
3239
6116
3623
9188
2165
5529
1963
6903
6760
2942
1069
7705
5079
8874
1353
8175
6463
5236
9020
3393
8513
6035
4852
8743
4187
5329
3573
26
4521
6069
6334
527
8215
1983
1879
5986
7119
98
6846
8376
1236
2370
311
4739
7980
4020
9281
9344
4458
2846
4432
5694
1256
4893
2964
1910
993
7517
138
1236
2674
3974
218
9247
648
1481
9381
7466
4130
2505
488
947
6775
5892
1083
5420
996
1209
6297
4723
7271
8450
94
2395
7509
5517
9405
841
1707
5328
7214
83
3132
8847
2002
8966
5327
2236
1686
9372
7269
1940
8890
3266
936
4673
7594
8014
242
3165
4557
7207
144
3346
7394
8357
7995
2576
6438
181
6766
5062
1422
2779
8789
5694
453
482
112
1402
1093
8394
7639
5459
4396
8435
6476
9969
7469
974
1758
505
9628
5493
9690
4045
5079
5917
9537
1019
3921
7565
5944
3849
4289
7365
7371
5433
5410
3881
5417
8356
3454
8836
7022
2357
665
4473
1726
6042
5011
8891
5867
6650
649
7711
9789
1741
324
7456
4650
312
6397
1330
2351
5329
279
5827
5279
3628
503
6977
8066
9020
7717
3255
9695
9993
3165
86
1483
7819
7735
8549
7926
1568
7708
7253
2833
2966
6593
2105
6205
2635
3168
4031
7936
1958
9059
4912
687
3776
3148
4010
9582
5493
8282
7896
6851
4286
114
9399
8199
7744
674
4517
970
9086
1364
9385
4951
851
7428
6765
2747
2369
8426
6075
8070
9390
9044
875
8792
141
380
1427
1075
6749
9959
1541
4749
8914
4276
949
3881
1965
1001
806
4062
2015
9177
2302
9526
5136
6277
2489
330
7999
5631
9318
8259
3516
7026
5739
3846
2298
6174
6078
4032
6513
6884
9532
1742
4170
7424
8390
3053
3622
2651
2165
7248
4981
226
9091
1748
6713
4570
9310
2605
3357
6353
8779
4622
3091
1764
4489
7326
4154
5562
8356
268
997
7025
994
6084
3322
6327
3578
194
8289
1166
4072
9809
8642
536
6618
9185
882
7034
9789
1282
7341
9795
6040
7574
8190
3827
926
666
7690
8337
6911
4023
6297
6190
7467
4560
8075
2376
2315
9595
2749
5264
1538
5829
3362
5515
7568
560
3625
479
9414
5104
7962
4816
1847
8362
5126
7310
5991
7030
1646
2449
7073
9650
744
6474
4564
7308
5830
5169
3989
2481
1407
2231
2561
4282
7745
2826
3407
6622
5491
2454
1581
8967
2445
6781
2354
4697
7891
5451
5027
1647
2895
8263
4881
3921
8400
4737
2796
1972
5302
6076
3705
8520
9345
6144
8060
8215
5566
9207
4714
2710
427
6796
8402
9545
1388
7694
1117
2436
237
2351
2546
5754
1638
3378
8781
3449
445
2294
8373
1982
6267
9125
4544
4690
972
655
7015
4019
1278
6482
9638
8378
6432
9727
3582
3972
171
2372
528
6619
1569
1740
3838
1759
6640
4190
9311
2800
3904
1728
421
1762
3570
9694
5192
9312
5916
9715
6795
5841
8989
9480
9633
967
814
9892
1730
6278
788
6918
6573
7552
7654
8463
7496
304
8120
6241
5476
2881
6588
1337
9608
6021
9806
3026
7363
3071
8748
8179
9390
4958
6178
8255
6681
9211
6679
3142
6254
5281
2969
5951
6280
9676
7150
6267
6236
8318
1921
5774
727
1477
2416
5194
8001
3955
664
7354
1489
6626
4061
5583
4205
6547
9428
8251
8157
3502
1909
5090
6167
4372
6711
7342
1673
7200
9458
5871
4001
6377
1374
817
5437
7778
4690
3365
6640
7270
4796
6875
3881
4210
8698
5554
8987
2143
1762
7110
477
4241
6518
7864
6106
7283
9014
8289
7698
7642
7373
8741
8190
9621
1205
5994
5169
9238
9437
6161
3200
6377
7514
6640
7351
7851
4480
1306
3832
7652
8612
7775
7220
7232
1277
6572
6328
1885
9740
5177
5600
8577
9186
1042
3916
3544
543
157
5770
2579
7812
2213
8934
3083
91
4400
7596
761
2312
3046
5918
3588
665
4873
498
3345
3334
3305
5315
2604
9114
5741
5390
8
2639
4319
3275
3848
8227
6429
6872
3259
9500
7833
9006
493
164
7686
9911
7024
8240
7692
9012
6653
944
6325
6006
2109
7896
5861
3503
6732
5918
2942
923
4417
6873
3720
5538
1623
3031
6018
1190
8084
6625
6955
9042
5831
836
3382
853
3536
3886
3757
6244
2817
4460
2914
5139
9237
4637
9534
9534
5450
2443
5730
6679
7312
9256
9631
5857
6658
4451
7038
9868
3835
3005
4588
1883
7324
6854
9231
4261
3712
6891
9366
9604
800
7527
3401
9218
9697
2912
4778
8408
3419
3850
3836
2291
6122
6807
8724
8201
3261
9518
3474
3139
4607
3173
2875
1181
7532
5942
661
6392
1707
7669
9344
74
441
8691
1606
9809
8365
3
8692
2514
9137
762
5039
318
1053
5242
6275
4636
1080
3488
2464
4514
6925
1275
9233
4183
2372
2805
7595
2030
3801
2661
8149
1352
8934
4665
8185
3191
5845
2512
4739
9715
7637
9942
5983
8607
9973
7541
5510
4531
6305
3093
2637
1386
5536
1270
8189
4744
4713
2113
4095
2151
7738
4903
153
4664
8575
9565
7195
5233
1455
5801
5890
5850
4135
5841
5631
4689
8958
7934
472
9453
7279
4031
5780
686
6823
9288
4838
6428
6170
9026
417
1792
3229
6100
2035
6270
3503
3917
1040
4735
9788
4966
7098
1325
8701
9086
8673
5350
3757
6784
2577
3396
1012
6413
509
9460
8338
5053
9783
8379
6837
5758
569
5125
2226
4395
3945
1907
605
4302
787
5837
3752
2476
4070
4668
1678
9118
4915
6881
3645
2505
6371
8856
1696
3596
6079
2602
9314
6672
4739
4976
1073
5980
1470
6975
1217
7893
2175
5919
735
6054
3375
8164
6517
1861
5820
2300
7242
3623
152
1067
2327
3039
3938
1878
9717
3327
4209
9474
6564
343
3087
12
7685
8056
9103
3143
4061
2470
9647
9700
980
9835
7436
7935
1387
1641
2969
9224
4340
696
3162
4658
8315
4673
5450
1398
2247
496
4092
2968
8026
3118
5957
9454
639
1372
4268
7708
4822
3725
147
2741
5206
3346
7895
9776
3539
3387
9311
5453
8332
175
3709
7734
1743
3800
8064
1683
3595
3681
6350
7575
3749
6536
5099
8873
880
5764
8769
2276
435
594
2666
7260
4444
9301
1859
5520
7032
3421
3156
2392
9717
6274
4953
9752
8737
7936
6582
5917
2403
9171
6629
3800
5843
4889
3127
6501
5611
7905
2257
1804
2093
5150
3715
6020
6082
9291
2261
3993
9020
2626
5213
4617
9060
6718
9689
194
8781
4742
1458
1275
7908
3874
2329
7979
9585
4649
2050
2202
4834
4174
2176
4753
695
1538
9879
1669
9315
3324
5775
8430
9091
5002
9996
6329
3304
3139
1795
7829
3617
6801
6373
4691
2544
4916
2128
4087
234
8246
2104
1726
4454
4704
9556
1073
9004
6300
3774
6126
2869
8032
1580
2326
8247
1600
9108
7045
7795
3005
1815
816
1821
8368
3413
7345
3024
4562
9794
1598
6508
1045
5695
9854
3180
5524
5408
49
6654
212
4358
7316
888
645
1293
4214
3205
2680
3976
178
6829
9582
8928
9660
8771
2967
3747
3791
5427
2874
9161
8941
3900
2574
7285
3084
5836
1345
2113
3962
9599
4003
850
3988
5645
1867
2598
2400
168
3767
3461
5925
5864
8826
7492
5263
473
8338
7181
4977
7395
386
282
4130
2656
2119
4205
9555
7267
7270
9394
974
4190
8407
7062
1413
6556
1620
1778
3654
8030
2428
2013
570
9380
9918
3461
8325
9978
2505
6518
3569
2261
1277
7855
944
5708
9950
8125
446
3062
3867
1984
8881
3029
2285
963
400
7512
329
31
7297
1849
7438
436
84
38
5527
3572
7273
4452
6166
4412
3783
3576
1602
2652
161
4675
4846
3606
9896
5641
5783
8345
9756
7021
7041
3868
1813
6610
8993
7583
1853
2545
449
9170
9780
1099
7130
7562
7693
6185
2102
1569
1089
958
1579
7851
2777
3667
2114
783
1490
7259
9553
5058
6666
9398
5907
8498
8827
5617
1378
2606
7037
6568
9896
5432
8970
5920
5374
4483
1291
5461
1388
5806
9153
6406
445
5444
3452
9780
3577
5433
950
8308
1716
4248
6673
9978
4054
9148
3046
5044
3751
9396
6640
4144
8153
5258
4750
2525
8356
9999
70
8634
8465
3715
2721
7284
4040
2434
319
2887
2419
2200
5254
4120
2960
9986
9958
7929
5463
4375
7308
7122
6360
6891
2215
7287
1026
6145
6207
408
2128
1637
8217
4152
4273
1207
45
3413
7983
1526
3056
1924
291
2886
171
4695
5711
8464
4597
1290
773
8803
6009
1902
731
2646
634
37
4257
3983
9893
2212
6703
764
3885
375
7156
4145
5853
1411
6022
7641
2275
5171
8511
4978
3086
8902
5418
4232
3264
184
6884
5250
6355
2433
68
8387
9321
1467
4054
6499
907
5063
1465
9297
291
6754
2229
7803
1278
1100
689
5489
5061
2224
8159
945
9961
2767
4322
3902
9717
5860
281
2446
3618
3311
4806
4166
5917
4362
7030
4291
4662
9342
8601
3073
4588
6254
4521
3482
8040
1788
9468
2809
5560
249
3389
7942
1901
9661
2326
6906
6847
2403
654
3598
9018
753
920
9513
4493
9829
9829
6852
4324
3641
6519
632
7336
7199
1513
2993
3664
2617
8638
9869
8870
3882
35
6084
8655
2997
6694
3933
3355
9512
6445
1231
728
9842
4680
1156
4190
5766
7118
9373
2344
9041
4095
3170
8988
7220
535
1604
7628
9074
2072
3395
2233
4108
654
8410
7964
3091
4218
2413
9156
4505
2164
9503
6198
4578
277
585
4961
6025
8212
6249
5231
345
5996
455
5080
8509
672
8384
9754
1743
1320
6879
4985
4423
9436
4972
8764
4163
1259
6812
8644
3836
881
6744
1713
3012
6070
5560
3363
4549
6782
2429
2450
7950
9464
9864
6137
9695
6745
1799
3837
9042
5682
4948
6960
1024
5340
9992
7736
1796
679
2674
7866
9722
6763
6484
2335
5262
4095
2689
461
6242
6622
7575
4733
7009
1311
2634
7554
421
2080
3941
6790
3985
5423
55
1616
6562
9275
1052
495
1273
2328
1119
5858
443
8995
9893
3750
35
6169
3549
6668
9279
9970
1433
4408
3988
3151
328
1278
7698
516
8420
363
5772
722
4433
9622
475
3263
5783
2219
2414
9984
8333
8912
183
6120
3103
137
5628
980
7455
5659
4758
2005
7202
7997
2855
2570
2317
844
6056
4229
6981
4585
8343
3882
3003
2050
1152
9805
9313
6163
6411
7204
8500
6820
7500
539
6683
9418
656
174
2510
9513
1162
177
767
5624
4994
1425
3093
5224
2601
4084
2958
4532
4968
7472
1736
1724
1477
2541
9924
5403
37
2963
5138
2534
4602
5139
6930
2793
1296
5771
1457
9024
2272
4886
9572
7403
3083
906
8118
7859
539
3691
7434
4796
8471
2479
8178
3424
3186
2380
3944
9717
9063
6752
5626
8808
57
6126
7870
5515
5333
7497
3407
2303
5474
3156
8463
9302
2119
3701
3623
3510
1804
8554
5087
7484
2619
2505
3033
560
5406
7848
7269
7249
6237
2610
8996
4662
5642
5656
8604
8532
3471
5066
4083
1100
7843
7944
3925
7362
2312
4910
1915
9321
1556
6613
6596
3327
3567
5117
3727
5423
6661
1155
7372
4578
3268
8633
656
9902
1278
1401
9656
6535
5207
9190
1881
7250
129
8934
1145
2720
3483
8348
4732
2937
7342
7615
3377
7756
6344
6250
8025
402
3449
13
5174
4141
5542
6520
7953
4753
3008
4440
2693
3088
2269
8599
8241
6371
2666
2485
5029
2348
5783
4984
2463
3823
1630
5704
1973
6712
6468
9354
4777
7969
2988
3186
4272
4262
2998
823
7509
9823
2161
3271
9632
2338
2203
7572
4887
9834
6058
3572
8598
632
5978
9711
2454
3744
7292
9771
5763
7129
5488
2893
9252
425
6043
3782
3583
1122
7999
2032
7794
4788
2429
9508
1004
3115
2735
944
361
6233
5297
9780
3942
3927
7548
3337
6748
1423
9147
9355
4143
8153
2003
5272
1859
905
8343
6885
7297
419
9040
5765
4780
9312
6078
5407
6751
5427
4374
5564
7438
4252
6174
3935
2987
538
4391
4902
1570
8648
7309
1898
7534
3667
3933
2088
1284
9993
1214
9423
3069
9110
3547
6964
4143
1412
7603
9051
8866
1516
1626
9829
5734
8857
9632
7802
6611
8956
8056
3711
7592
9768
7863
2475
2282
1295
1846
9647
3774
3756
1479
7532
9976
4034
2753
7873
9276
7863
5793
6202
633
8666
5026
7105
6989
4651
6165
6818
9778
7301
2739
6619
6005
577
1639
6124
6601
7213
5339
2679
7185
3725
1671
3136
889
883
4485
4875
6123
9991
3359
1883
4004
7601
6450
2325
3819
111
7948
853
8321
4145
8431
4615
3149
7103
3704
3297
3880
3026
1200
7546
3832
1908
165
5087
2737
4180
4654
2132
1291
4040
5141
1519
6316
1291
831
5442
9717
6215
3799
9636
3682
5614
6039
7285
6819
9205
1204
7737
8590
8557
8958
7217
1197
5425
5543
6965
3532
1419
5942
3120
9197
9655
2366
9347
7913
279
2801
5300
1375
8982
7546
4466
4912
5237
6763
4737
1928
4531
4645
6627
7201
652
6638
4830
6789
3142
2991
1593
6867
5701
7229
5951
9658
9469
9823
202
1539
1316
7439
252
9962
6027
7194
3378
7847
6552
8169
2061
2419
6235
1826
252
4085
6329
8149
9148
7881
7852
8661
3770
8378
9698
8046
3286
7618
9137
423
2653
6852
9791
4876
2759
8489
7076
5853
9313
6602
2606
2374
7968
3112
2804
449
6673
1120
5726
3071
9071
9808
6661
5897
7166
4621
5210
4916
7645
5889
7282
4503
1536
6811
5684
5126
2752
9727
430
2347
7040
5675
4571
1860
1005
3015
8448
79
5416
7948
9090
5447
5483
8135
1996
708
5723
2300
7722
4572
6085
100
781
634
512
1392
4517
8307
9937
1838
290
8434
1304
1646
7559
1246
2583
9223
8977
649
747
1297
6853
2268
4843
2608
1235
3903
6834
2039
2450
14
7248
8104
9407
421
5347
4373
2069
1631
9777
4944
3233
6589
105
1282
2969
8868
2872
4676
2030
5356
9398
3158
1410
6950
1504
5291
1268
1601
9889
7755
5625
9705
315
7038
4849
6451
3622
6845
5392
7600
5463
9031
3799
796
5484
8602
5072
8079
2242
110
4696
2890
73
6988
1327
7368
7770
673
252
2662
8178
7651
9027
1755
5482
329
9722
3143
6593
6963
4935
7790
8775
2141
5846
6074
3873
3533
1972
8215
2350
2061
3309
1448
2446
9481
7357
395
8872
1072
295
448
2967
3887
4601
6092
6193
2366
6075
3858
5283
4418
6280
9231
1373
2211
7903
3483
4436
372
2936
7268
255
9035
3250
5832
909
3939
3984
2448
9066
8575
7097
4836
2966
9351
282
8214
3319
5302
1754
2848
8039
6986
6586
4742
7117
1695
8783
1366
3016
1071
456
6067
604
4831
7155
6775
3380
1662
7033
7934
598
835
5225
9113
5955
1562
7557
8975
229
1951
5417
2680
4503
2019
1044
3157
1789
6898
8088
1815
1335
2042
4713
5462
3355
3056
2510
4686
2031
5050
4299
6429
846
330
6050
2371
9824
2101
3962
2234
868
2052
324
7616
2771
2622
6966
1294
6277
830
465
1794
2407
9216
1934
2375
9615
2265
6134
7588
1149
8958
5995
499
4543
2042
4636
6930
8074
9871
9040
4735
6175
6306
4531
8178
8157
863
2218
7738
538
7817
3308
1976
511
9182
3969
6940
9225
6198
1986
5909
8188
2031
5869
1563
7770
1262
5078
7765
4499
9839
4578
9939
3469
1191
2452
6738
6232
6348
81
7728
5793
950
6116
7125
1965
1198
4375
5544
8856
351
1405
454
9950
7686
2492
9226
7677
5437
4803
3072
6048
8536
2795
6111
9699
7035
4309
5553
5870
1455
6261
8726
2087
1953
9205
753
7517
9090
127
9230
4606
2633
1379
2231
2681
6198
7783
7027
3550
6678
5143
8192
6474
7407
3315
3311
6579
6877
1356
8250
8818
187
9719
4746
1785
828
3861
1669
8307
9789
4390
764
9095
4409
5114
4588
5545
6748
5324
4524
9420
617
1048
518
9013
6869
9968
3670
8654
1421
1484
8304
8282
7
6265
8932
5549
3840
8971
8787
7867
5082
3922
4269
9087
373
5859
4133
7403
6967
4313
3779
3306
8729
9631
93
2871
3447
5487
2667
1572
9092
3423
98
2666
8259
2627
7748
9992
9356
1076
4070
2076
2001
6706
8993
5360
2047
1211
2349
8112
4975
8417
1569
1775
1235
5675
5254
5228
1946
930
974
7122
275
2942
6202
9788
5597
378
1877
9091
6340
6952
3682
7724
3618
3856
5678
6069
567
436
9259
7258
5962
9998
7361
511
9816
2096
8736
9501
5817
6141
6600
4932
1481
2399
2915
1080
4036
7233
2872
5780
1966
2170
4903
4797
6073
9403
192
7917
1960
4540
3757
5250
7539
4815
3104
7884
50
613
9252
8365
4991
5577
819
1938
2031
8459
4671
5459
9725
4557
9834
6302
3698
347
733
4833
4988
2255
7182
7547
7036
7237
2469
5961
4987
7552
1397
8841
3163
7700
8645
7694
264
4750
4114
2356
4133
2898
8865
2596
3262
4424
2730
2802
5006
8389
6628
101
9649
8399
5061
4216
8819
6959
3245
3703
6580
9547
8467
1864
1175
7616
7127
9838
599
2906
2777
7204
9438
3963
354
481
5962
9845
1101
8766
1422
4964
9664
3306
720
6964
3558
4339
1857
6009
764
8654
6769
6925
4463
9569
9986
3735
1556
1729
3469
2072
3559
9396
2538
4532
664
5996
9398
3202
7826
4602
7872
5105
7994
8254
9331
5348
2006
8702
7879
6924
5878
1358
9983
6123
4362
4255
987
7097
8680
5490
7801
7183
8306
7583
8244
4090
4644
5892
2627
3117
3539
6019
2722
616
6200
7762
6866
4429
5367
9645
1050
6607
9050
7732
6960
6828
4299
233
1456
9594
4915
5432
5598
9141
7662
5619
7264
1548
9177
6750
7183
566
4490
5348
5999
43
8577
1096
9158
7300
5194
4424
7660
9252
588
3703
9364
8369
1872
88
8445
6820
5128
5422
7473
1994
2749
3794
7924
7898
8864
2598
8624
2907
5055
6762
8664
3927
7896
9245
1773
7377
180
5434
472
29
6768
7257
9413
2786
3052
5125
9391
615
7206
3849
8299
5409
5675
8670
3670
3018
2887
1050
8423
4737
6929
4657
5761
6550
7264
2856
32
9279
3203
4208
9576
6472
4171
4141
3352
6266
6532
4834
9320
7998
5042
9090
5674
3563
5397
857
6395
205
3459
7542
4300
3118
3977
2038
2940
7015
5467
4387
9740
3488
2841
4975
8282
7939
3431
636
6292
7170
2515
3362
1648
1418
6247
6373
5789
2840
8290
2001
7704
2637
7494
5497
6391
6611
8429
303
3155
3053
2628
3982
5009
5396
9796
6015
339
502
4231
4967
2756
7383
5878
7052
2179
621
454
7964
6
2991
6418
9130
3961
3239
2879
3738
5983
2886
5327
5716
4954
471
7023
4991
3944
1087
3404
5878
9771
7444
1251
8706
2949
2255
468
2439
9454
4845
2288
3671
1410
83
7689
4774
9773
4164
3792
9332
9226
2994
9166
9367
3851
1797
3321
4382
6094
3020
4423
1496
2351
198
4102
6802
3736
8624
7499
4845
8445
2848
9327
6711
2111
9766
7947
2167
6355
4611
6932
4382
4750
42
8214
1021
6545
4389
116
3756
98
395
5988
8554
4929
9659
9693
2160
4918
9069
311
1057
1847
2317
3544
4103
8941
2779
6306
2163
3539
3611
9559
2482
7379
2488
2286
1013
3701
1577
5496
8232
5113
8581
7278
1507
3389
2784
6037
1296
5207
9034
7390
2597
9217
1980
5136
6030
3581
813
8498
1595
9578
613
663
7399
6053
2487
5569
883
1179
9637
2679
6280
1783
8347
9481
7814
2987
199
3419
5995
1630
5469
5268
451
9971
6733
5881
6746
1563
198
8898
8016
7116
9823
4454
1956
7144
7892
9506
6338
5152
6918
7686
5747
8728
1347
4963
659
2128
3994
7372
657
8227
4754
7252
1747
2714
8315
7614
2905
9393
9219
7672
9964
1759
4199
7837
3186
3677
4265
3542
3151
2527
5712
4392
3594
7184
2671
6937
4901
1938
8873
1442
6618
7226
5711
9275
5977
4947
2324
7413
9377
6115
4598
7538
2306
2124
6991
7960
4869
4158
2861
5926
7113
9659
6075
7655
1209
5589
8916
4094
3272
4643
1616
9309
9648
7441
1109
9353
2907
9620
917
3059
6582
6027
2275
2485
7079
4452
9042
6914
2845
8965
3548
7631
8477
1850
575
3963
3920
4836
2361
3802
3836
5914
1439
713
4793
1697
7387
6426
7884
4716
4855
6310
8714
3308
6303
2122
4796
3306
6746
2512
4783
7156
1117
6771
2578
8015
7074
9891
8417
4428
5373
5880
3341
8613
1563
4310
4268
2975
196
5749
2795
2084
5399
2950
1014
4121
7907
197
8684
4050
8991
2871
9001
9716
1637
203
2706
2220
9806
5845
4087
6128
2180
6738
7578
9379
3108
306
2210
2823
8231
745
2282
7359
4071
7052
9379
8948
5304
9977
9973
9934
1544
7980
1042
8057
5835
3658
4106
1844
7023
2137
1409
5653
3249
7419
4277
3998
5418
3963
4558
431
6164
7484
2792
587
1085
4638
729
4731
8914
6580
3251
836
2882
1949
2617
7778
4691
4954
1951
719
6011
6785
9498
4626
7070
4718
2342
8945
3336
3270
4418
8939
4443
8440
4513
145
7206
9351
7616
3098
9231
2283
4098
5674
8913
5246
5131
2462
1554
9465
981
5230
1297
4021
4197
4314
7417
8235
3048
8195
2500
161
7589
3069
3557
7448
679
417
205
8999
2515
6890
7778
1887
6945
2327
6115
3575
2312
7172
5078
2761
3575
8175
9657
3191
4995
2624
7961
9486
5695
4233
3915
1701
2196
4047
370
3603
6819
5913
9698
2654
6288
2264
6315
3061
2053
6102
6552
7553
1637
2090
4156
8302
4880
9771
6873
2868
5307
2862
5775
436
3687
1284
2038
9222
7692
2671
3644
2133
1718
6298
9749
6699
8059
9448
5976
2072
1578
7705
2376
3663
2628
2148
184
1274
9337
5474
491
9421
516
1379
3071
4897
829
1238
9786
7464
2
9084
4749
2939
5908
4642
4105
6286
4455
749
3233
7267
4880
6036
4255
6632
4801
5151
497
7735
1452
9170
8520
1907
6353
8952
2833
8243
7297
7468
4020
8315
8723
46
8157
1149
9541
1079
9625
8544
6534
9296
2902
6166
8230
1903
6972
514
3332
3623
8817
3962
5278
8982
9240
5504
7416
2767
307
839
8370
7745
5505
1189
2362
8980
1625
3898
4764
4294
6134
4676
513
6369
3721
4957
1419
7072
9467
5209
6998
6677
8513
1913
7659
9317
8394
3765
2437
4849
1564
4927
9246
7475
6526
4889
6034
620
446
3664
9959
4536
3620
3643
470
2241
3126
9331
9212
8060
2340
8880
4288
422
8855
4625
9097
4448
5943
418
2443
6358
113
2849
2096
7110
8853
5432
8086
8039
8737
4395
954
9556
9479
8716
6698
6758
3552
1609
2706
549
884
5527
565
6392
2929
3295
339
5751
609
6297
2466
1121
1099
5971
5169
8642
6694
6641
9343
5024
5412
1135
3340
110
4402
2031
9385
6347
6643
821
6838
4246
5836
2361
4176
1847
1568
7553
3702
8699
2196
5989
4339
1544
5362
6620
2571
7396
6765
7677
6095
735
1393
9198
957
6018
1526
7704
9612
3353
500
3843
6680
5375
6916
3783
548
5351
3130
1661
9834
9665
7665
6510
9601
5561
904
4389
940
5512
7562
6253
1018
3515
1756
7277
7095
1012
1377
524
952
5537
4894
5848
4717
131
7462
5960
5104
1812
9338
768
3897
4283
5006
2273
6475
1580
4032
8873
234
6596
6078
6753
8942
4076
9803
7978
7647
2802
4628
5838
3309
2506
5463
1837
6985
145
6137
1882
4624
2647
1123
9248
8461
1219
6024
416
8780
3560
3905
8904
9220
9109
1399
2315
7131
1417
1725
7762
6776
8137
7931
6875
9008
652
6815
848
1819
2291
5445
3175
7106
1869
8067
341
8038
7978
4661
8416
1644
5279
9153
3674
154
357
6141
385
6513
234
3334
3276
3528
8218
1057
1094
1487
2920
1877
8146
7887
5736
317
8900
6000
9511
6264
2985
4557
2070
9434
5123
242
3984
7510
3269
4017
5643
6555
5463
5504
3580
9653
7592
5167
1711
4345
8673
1295
6588
8057
8213
8949
7421
7958
3907
3103
2061
6690
1207
6974
1535
8178
5915
3645
8294
862
5327
2520
6813
915
4912
4193
8072
6548
2363
9615
9012
7380
8496
4764
1048
4588
4307
4939
7209
3160
1013
3618
1691
233
719
9548
255
6291
4047
116
4297
1587
5884
1560
6308
6118
2273
404
866
738
9059
5465
7464
8032
5013
346
5957
3834
8476
8372
2134
5765
4924
9622
2011
896
7047
9886
8924
8306
8635
4776
325
1056
841
5592
9576
1321
6955
3290
7433
4017
8201
9423
7982
6485
2851
2582
6840
5786
4958
1397
623
8907
8565
3450
3276
6141
9707
691
9265
3477
7892
6472
4135
4114
1951
5176
9931
4946
3022
3074
9819
2201
1978
3112
6386
3589
8308
1780
4216
7468
7951
9328
1137
6425
9593
3230
626
7323
5589
5855
2309
1204
676
6064
96
1724
9424
555
5738
6317
3977
6310
4865
697
9773
6767
9259
4318
8195
1201
6611
4398
7219
9991
8610
531
466
907
9555
3197
7129
2008
9881
5739
541
5365
553
340
1745
8899
5852
9843
9521
9049
9189
2462
811
5818
6240
5743
3999
1610
6735
3967
1729
1127
4477
4618
1116
9204
8957
4803
7916
449
168
1601
187
5149
3106
6359
2019
7852
764
6014
1722
4259
4071
9210
5682
574
1353
2505
8743
1430
8924
4838
1274
4695
676
785
9518
7876
1663
979
4061
584
8726
2970
1483
8785
7015
5454
6508
5824
5613
6365
6517
7018
5297
4307
9588
8750
2893
5422
8606
9620
3927
1502
1827
4888
2370
5864
4824
676
8376
4511
3119
6984
9326
1167
128
5897
9932
8772
4142
2405
7938
6523
3635
9500
2373
7414
2976
5912
9490
6980
8165
2986
5580
5238
6933
3581
1832
9181
4244
1455
3701
5306
9367
7014
4241
6802
9034
7445
6058
2119
7401
9639
1528
7906
9866
9129
8781
2157
4629
5058
138
2814
1448
8377
7885
4976
1315
9292
4832
6926
7476
4840
5889
1927
2128
1256
9011
6667
5411
7142
9740
3892
9875
1932
3900
8000
3537
9860
1464
4979
1953
3559
974
2712
2931
348
2104
7421
3132
4783
7853
7167
6506
8305
4451
3097
2575
2135
9430
1183
1437
9279
9383
7536
3184
3500
8620
7562
9459
844
2353
3472
3341
4115
3248
8065
7884
7952
7829
7416
5991
3433
6234
8595
2252
5624
2768
1971
7872
2412
651
6645
8793
860
8312
3972
3499
162
8648
3215
9944
6776
1556
913
2752
5798
5708
7124
4941
7238
4102
7469
8590
3887
242
5418
8543
2671
2014
7268
3041
1178
6023
4479
2142
5011
2579
8576
2502
8570
8472
9889
3483
7165
6753
2679
851
7915
7316
6673
8829
5620
3571
2750
6931
4292
7481
83
9226
6326
2185
8058
980
8807
7787
8364
1255
3378
799
8987
1383
4785
7173
8594
9202
8235
6406
8643
982
2670
1219
2406
6152
6498
5126
9416
8252
1351
1114
9868
1503
5857
6872
4400
472
992
7056
8232
3692
6971
8720
7460
2191
8362
4113
4022
1073
4854
8450
5043
8011
7198
4097
5970
6124
7499
7369
5884
6350
9489
4019
9029
6301
1278
7506
916
2174
2860
3508
5091
2189
9732
458
5089
1464
7613
1769
9043
5444
2620
2248
877
8651
7297
7637
3835
3455
1662
3275
2207
2775
9136
7314
3794
1450
5046
2779
8123
6280
455
330
8336
790
653
3687
6174
7412
1792
771
160
6933
9683
1643
8623
5043
268
2173
80
3641
1311
4846
5552
9437
5393
888
9115
7083
1129
120
9326
2244
955
1263
1770
6633
7400
5075
6682
1958
7870
5938
717
5330
6320
1561
4381
3388
76
8503
9141
709
7897
356
2375
4109
2064
1692
758
8474
8246
6195
7923
1201
8375
1271
8253
5352
128
595
2084
1036
7130
4765
1684
9026
5669
1445
6852
7186
5659
730
7593
8441
1282
2368
7422
6342
1661
1305
8948
6375
7518
835
1768
2725
3105
5862
9241
2861
5752
6373
5268
8880
5044
6199
9200
9696
4630
5701
5856
2359
876
7571
8238
9503
1218
4532
7826
8688
5717
6399
4865
9564
1420
3886
1474
4620
7456
6160
3068
9541
4357
5955
9496
6621
7808
2062
1239
5454
7406
1990
4636
4726
1920
2720
1794
3670
8561
7059
5920
3294
4004
6799
2522
4280
6963
6765
194
1160
9374
3041
3339
5005
5979
7415
8916
7678
5853
6090
8284
1829
7990
5502
370
9819
6430
1502
2168
753
1267
7017
2582
7237
1706
5571
5035
5366
2892
7194
8433
6779
2679
4778
7057
8729
2130
5160
3381
2819
6940
574
7565
5436
6603
4151
1809
8547
174
3050
5050
6450
8206
8668
8268
8441
8290
789
8488
4658
4906
596
307
1300
2566
3153
2015
1979
2509
6214
7336
8277
1228
2595
3478
1146
754
2557
8562
570
2439
9475
4623
650
9925
7947
2828
8290
3399
8069
613
4135
1592
1659
7760
2232
846
847
2936
9567
8754
8134
2006
4759
6553
3268
2183
7037
4512
8715
9079
2247
5097
6995
4964
4458
359
5294
1334
2997
4896
3758
3018
6857
5606
5277
7258
5256
244
6670
3395
7912
9248
4031
1954
8460
7867
8739
5226
9902
5434
8661
2823
3118
6843
4354
9569
5529
3825
6576
8785
4664
2953
9986
3406
63
9080
653
5739
939
5514
1383
8083
6671
9379
3415
9154
4502
2678
8560
8831
115
3046
394
2280
2972
1377
54
8013
5773
9902
1379
7792
6989
8495
1287
7863
9060
435
3331
9460
8734
4815
2738
3130
3473
7592
5135
2503
9227
8988
1856
8734
2411
7231
1432
2877
8269
9295
9943
383
4498
732
1221
9447
1221
2487
124
178
93
1717
8380
3541
8307
8207
7244
133
2264
6918
5440
8466
6215
1869
1988
4500
5457
2474
5174
6262
5581
8960
4448
6356
3594
7323
4363
760
333
5003
6747
5180
533
9089
8773
2508
7642
9323
5178
7845
2000
8695
3061
4883
5816
6247
8336
6899
9537
584
7890
3595
9448
3803
5649
3864
9871
5676
8837
2132
5731
3834
8183
8301
6669
9605
3532
2740
3699
973
5944
9210
9325
2014
3171
353
9782
7258
9992
1329
5965
5763
7047
9237
3695
1882
3988
3519
4773
9626
4629
7971
3509
4874
9414
4803
8037
3763
9958
4499
2565
7828
7696
8862
5931
3596
9712
3098
9999
3385
893
9597
8903
4811
4704
4270
5960
2939
9649
1747
2055
3180
5304
1460
5575
8951
5969
3982
1571
9785
6670
6060
843
5099
8583
1350
7615
709
5860
8859
9387
6026
8751
2228
8673
2794
4951
3645
8460
1792
3241
6197
6585
4593
6601
1331
4410
2463
3879
3004
1542
4401
5145
2247
3861
6433
7692
7293
4132
2653
6278
3008
3451
8134
5467
5663
7545
9585
9083
2940
4583
1848
1231
2282
6768
6692
7485
4645
6193
564
3354
2860
565
3679
4754
7444
37
9164
240
2145
4786
8059
2048
6755
8765
9105
5554
4281
2754
3278
7325
6470
9099
9660
9523
3289
1258
6669
8437
8699
5438
7030
9839
343
1443
2214
7333
7151
4429
1409
7512
2207
4238
5160
8900
7478
7985
9125
1203
7033
3516
1493
6254
8915
7755
2455
7561
7216
1236
8774
9535
4419
370
4851
8388
8538
4188
7077
4795
3504
7607
7581
9133
1411
9231
4221
4306
8572
5858
3034
3791
9702
1915
9901
4886
3720
2414
3237
2028
9491
6476
8094
9704
9795
1158
3413
9368
6940
6251
8835
5930
6828
1064
6136
8024
2565
4148
7648
1349
9218
5769
1637
4611
8968
6055
6743
4276
737
5098
7734
6480
5156
4946
8709
3346
4157
2012
8774
1276
7924
9913
198
9417
7687
6131
4653
328
4685
4462
9459
5132
2957
3764
4445
754
5189
4384
6721
1814
1704
7099
9636
3479
997
5714
7369
6113
5271
4162
1445
797
2687
4828
4762
321
5931
9091
3856
6456
5657
5631
7909
8547
9303
4267
9690
5363
7326
9911
1592
3090
9880
3304
5090
4367
8834
7505
9285
5756
5101
5610
8205
6687
6130
4854
6097
5469
1300
9710
2309
8325
5714
1975
1002
9389
8340
8309
2948
3914
8454
4064
4850
8867
757
1953
1521
6240
6992
5831
9451
9761
7233
4450
4764
4143
9750
9513
6385
2089
6344
5517
2038
7511
1351
4658
5731
9636
2117
7262
6651
3225
2921
8688
2112
6875
3994
6440
7651
8542
9540
3670
3500
5083
6789
709
1184
2745
6083
936
8228
4948
2406
7830
5674
2806
3958
7793
5024
5155
6774
8691
5334
8387
95
5117
8965
7510
9968
6719
3304
5751
5333
8614
2095
5860
4597
3592
1562
5144
3331
1188
862
3668
3533
2817
7903
5471
7005
1959
1674
8446
6867
3281
7846
7588
6659
269
7760
4391
8145
4901
4141
5779
8473
8728
4068
1622
8514
6127
7274
5719
3099
1656
6401
371
9135
8006
1203
751
6708
1786
8723
8862
5046
9460
1278
4764
5975
8669
9815
9304
7047
7964
4644
4829
8579
1402
7863
7690
2846
1804
7117
8002
1025
2877
6677
1820
9567
5284
8602
7714
5250
728
6314
3757
5026
2236
1179
599
2094
9632
1537
2336
2137
8204
9011
8711
4094
9078
4005
7420
1873
1234
9503
937
1740
6777
2905
8185
9879
9362
5564
9440
6551
5065
9295
6249
298
5698
6216
7678
588
8936
9685
6295
5401
9301
4018
3840
6670
8812
2617
5930
5634
195
9828
2448
1000
9873
3895
5989
373
8053
2427
8381
38
8765
7846
5871
2350
8276
4785
5872
3647
6049
5198
1223
1918
1078
655
5766
3426
7107
2842
180
8898
8531
5936
7498
553
2254
9134
8154
1511
9376
3873
7397
3377
9913
1028
9020
7569
2802
8909
7586
5779
581
5162
2339
4159
5005
8889
9308
8352
9102
3413
3084
2238
8540
9855
6248
509
3966
8007
2114
8767
9228
4241
3755
890
3638
7625
3517
6041
9506
6821
7332
5898
2155
146
2296
4387
2812
8601
8604
7593
7228
149
3743
3958
9239
2670
2453
3109
2678
9635
6538
3030
8509
9236
6119
8899
5325
5277
6381
4335
5093
2124
8947
41
7789
6617
337
3532
3367
5704
4200
5986
3224
1490
1449
5477
86
3642
6770
1211
1695
6915
5691
5961
5411
5458
6032
9517
7448
8669
5550
2519
5751
3873
9125
3472
3742
4298
9211
846
8327
3500
1974
4600
8880
7184
4365
9064
4345
3666
6218
7060
7833
8683
7812
5498
7939
4623
1609
5508
8046
5427
4906
5116
5671
4958
170
695
415
8098
4825
1880
3422
880
7886
767
1823
641
4992
4436
5297
5587
6953
4439
4756
1333
3715
2438
8243
1714
7538
6794
5314
787
9207
1386
3959
9731
7847
7510
9823
8386
7119
7427
9822
6755
8515
2847
7931
64
5181
5056
2058
190
1455
9375
4261
8274
4423
3305
9314
2208
721
336
7674
5464
6216
2004
4869
1347
9208
4177
597
5838
8376
5368
5709
4723
434
5005
3243
3502
308
3690
8317
3783
1001
6459
1535
1078
7013
9109
9493
3501
3545
7412
118
2519
8701
9632
37
8961
6445
9124
5287
8612
9375
6426
868
6995
5358
4522
3443
9513
4764
9671
5777
4884
1882
2703
8165
8499
392
591
6586
8242
8969
1095
6619
5426
5515
3344
8991
7636
9043
1858
5455
6477
6393
2411
970
8803
1638
5523
4897
1362
4551
9264
1121
7821
9742
9827
1268
714
813
8804
1786
5906
160
2031
4100
7735
5765
3287
7051
6945
3700
9108
1208
742
657
6645
5982
2880
7038
7554
7803
3386
4508
922
145
5178
9374
3557
7156
4207
9907
9632
8262
7548
6738
7564
6966
5984
12
4097
959
799
29
2691
1158
8720
8105
9674
4671
5688
7487
4236
3879
8
639
3310
6579
2539
774
9961
8206
6722
7634
7164
3792
2174
5471
3275
1085
6319
4324
6647
7213
6015
4914
2191
7444
9192
8600
6928
6852
6563
8740
4194
9726
2900
5210
6904
100
6104
9857
4692
892
5636
2648
8621
3214
6131
9302
8600
9970
6244
9155
439
6255
9826
9500
2677
3191
6843
5023
6415
6824
9093
3827
50
9335
4312
9181
4574
5588
5655
7153
6608
9451
6203
9164
8842
583
2492
9477
4853
885
9487
8246
9420
9933
1632
4582
3903
3564
1997
940
8017
9858
8622
7806
251
6482
2468
2608
8617
5477
8738
8073
7089
397
4484
847
6173
3802
8798
2045
6110
5975
9064
4702
9479
934
4087
552
8157
5319
9461
6738
7094
6537
8960
2666
6499
6290
1379
1960
3052
3206
6826
8541
2004
352
7124
6129
730
2927
4015
7872
9454
8142
1961
6647
1507
1719
1821
1949
284
3295
9885
7759
17
4668
5270
5663
8994
2472
805
9835
4066
7682
862
8619
4431
9408
3491
9457
9089
2494
5865
3773
8396
2550
3277
7702
6562
413
4499
8919
7647
7081
333
3235
7670
9125
6762
1794
3788
1796
1259
5869
6442
7815
3401
795
535
9520
8280
7733
504
1423
7349
8799
9299
1655
7467
5945
2353
4811
7405
4310
4069
5316
2495
9845
6901
9868
2582
6413
98
2397
5304
291
2906
1272
652
4314
1989
683
3266
5014
3524
1385
9857
1787
2227
130
3817
8524
3682
3675
6387
7984
6962
8996
4051
1634
3153
809
8117
2554
5364
9103
2172
6592
54
4761
7434
4996
8990
1809
2591
5712
3292
3539
8105
9092
1443
2605
9222
2236
6130
9828
2300
9607
9061
6215
6611
786
5637
5811
4224
2740
288
3018
8793
4801
1752
7295
6168
9455
4261
506
601
3416
2709
6225
330
6858
5392
9851
2248
6738
7957
6512
1663
6981
6387
3600
2426
4790
8690
2136
5071
8840
7455
9833
6411
1374
5161
9711
9772
6747
9865
9457
4072
7559
8642
5215
7979
2784
6733
1372
1770
5395
5835
3138
1307
3130
1757
818
7111
5769
3800
6612
4297
5078
9805
5642
7147
3913
9668
2027
8161
5907
7196
4995
8032
9222
857
6987
844
7900
2321
3653
2388
7787
3604
9947
4001
3714
3933
3239
2320
5667
4982
9899
6478
2209
5620
7291
6992
322
2255
2202
8096
8042
5116
798
8543
8004
4164
8560
4146
508
7594
3321
1685
2252
7532
8079
8908
9441
381
2027
7824
4978
5439
2376
7854
494
445
3791
7655
9809
7478
2337
9873
4008
8811
1600
7369
1480
6447
5768
8312
4610
6424
154
5269
5108
707
5336
5343
1267
6257
6453
1405
789
7532
509
2472
9868
1456
7630
6369
2917
3995
5035
8536
2491
5150
905
1623
5129
1034
105
8108
6577
7798
719
4681
7088
6025
9003
7807
6217
308
734
5797
9439
1963
7989
3081
4837
7039
7255
1672
4602
1544
3235
48
1719
5823
3242
260
3468
7091
5742
3960
4297
6232
6636
2026
830
8227
7830
2520
9459
1360
3441
4446
9931
421
5397
8349
2013
4554
1997
9279
730
6056
5280
8080
3927
6917
7648
3480
8019
9563
893
8000
6793
5619
6218
8889
8307
2087
1488
7052
70
7065
677
6942
1543
3305
7258
4102
2520
6298
7111
4271
1649
2564
6355
3760
5972
6574
2040
5196
4446
3742
6829
1725
6025
3230
3840
3666
3121
2627
5972
31
8154
4347
2947
2475
1526
8633
9608
752
6325
1179
3759
7800
2090
9337
2801
760
4226
2373
1665
595
2052
7329
5249
3965
7943
2821
7527
1718
2035
8812
5493
4238
851
4193
644
7750
7723
6786
6098
9069
2268
1045
2694
7069
3009
7227
1945
8221
2432
1945
6246
1157
2134
3588
8305
3539
3354
686
2777
1814
5475
8933
9210
1262
7801
1232
1401
3437
8395
5609
7642
4073
8196
2213
6624
8395
3690
6386
5313
6453
5991
9629
3168
2233
2211
8219
2680
3811
932
1061
6360
620
1112
9597
8968
7597
8927
5637
8034
3003
5364
5813
5132
8721
7865
4693
8344
4659
3343
6131
2724
4068
9836
7166
2837
4895
408
2106
18
4082
9791
7042
8936
4073
7686
1728
6120
9265
1974
7866
1733
7185
8459
2754
959
7924
3316
6518
7913
5605
9342
6170
8428
5538
7408
7919
621
3303
9648
3710
1783
6742
3175
9098
8489
1022
2639
9980
8049
2553
8720
9095
6542
9988
4862
5270
9776
8982
3629
3159
2073
319
303
7302
1507
2032
5119
5245
9727
8385
3795
7569
4275
956
2022
5700
5796
1941
2141
8725
4731
6147
1765
2510
9684
1689
8612
2806
6226
997
9643
4755
2910
6011
1742
8012
1588
6592
4181
1648
8460
5786
6779
9870
1683
2810
14
133
514
4787
2111
6911
8395
4777
3365
7497
8886
217
1289
8278
2434
4037
3444
3971
2314
9779
8667
9922
5678
3628
8752
5335
5041
3576
2759
5682
8860
638
1799
4084
7522
9138
2402
5908
6849
2646
1091
2253
5135
6616
2667
5817
5496
6491
7329
6268
9839
4339
7430
2859
5353
3382
6461
2624
8477
7044
8003
6060
3673
6784
9240
4659
2362
9466
771
207
6918
7126
8354
5604
372
1405
5457
6362
4142
5756
6276
5163
2039
5488
1132
1347
2208
5350
4940
5008
9605
4014
5191
7401
7073
2118
3185
466
1298
4468
6307
6977
5030
3474
5497
8442
2861
7924
3310
2436
6787
9730
9792
2613
2125
5121
9917
3916
7435
2425
2419
3654
5386
2450
2283
3330
158
1353
7282
8291
3978
1718
6034
6371
1457
9379
3501
5225
9406
7548
945
4103
5850
9706
8114
6815
7729
2503
7002
8079
7577
1132
3930
9855
7528
4077
1946
1550
3009
4352
7743
7847
9827
9709
7566
5308
4149
6903
3364
6743
3171
356
4542
5290
1679
3520
57
3431
7638
9989
265
2379
4701
9720
9466
827
8114
8682
8800
4
3167
4063
1154
3346
9902
2550
3858
931
2665
53
9473
699
6237
2628
5046
8355
8694
7186
3182
1913
9404
594
4335
3705
2296
941
1918
5792
1378
9206
5525
3877
3775
6777
5104
2844
8984
7035
5421
1957
5884
7570
7790
7070
4044
7764
6893
3353
3460
4835
1024
3530
1893
115
8649
1554
2560
8564
1013
4815
7732
7400
1385
6840
9527
6487
8802
6459
1564
3734
3940
5423
8874
8393
7464
6435
2780
3804
8704
6933
3611
5309
9711
794
9368
5106
1547
7010
6773
9045
1360
6866
8188
939
2362
4991
8963
886
8367
8073
8750
1242
9680
4017
3053
8488
9706
9400
9603
8078
6118
3043
5393
7607
2422
3097
3763
8074
2758
5872
8495
4395
4600
1465
3824
3289
3575
522
7252
3525
7345
3618
5892
5604
7938
8233
3928
1914
851
6993
4890
2198
290
8528
2497
7053
9809
3147
192
8825
7446
7154
9664
3183
9496
7896
1551
5676
1163
4427
5539
8481
7481
5452
1808
5379
7144
3592
3208
3748
7006
4368
5420
2240
4683
3534
265
5761
9358
2480
6519
7204
890
8338
2360
9806
82
510
8790
9545
4709
5149
3155
2543
2851
2116
5949
4277
9488
8978
6189
1695
5623
1507
3794
9933
7496
2233
4103
5769
2105
1092
7779
7007
3933
6804
2011
875
2285
6581
3600
2632
402
6123
6862
9294
7704
2068
4775
8334
2541
8407
9100
3217
5184
3015
1141
2297
8068
8392
2723
311
5190
5796
6654
1215
5753
7041
854
868
2428
1868
8754
2681
3598
4286
9188
5364
2941
2439
8920
9318
9081
4341
501
8755
6655
2548
7222
8659
4352
4750
8270
3742
8663
6814
9282
2868
9369
8704
5691
5598
1023
5973
4056
8254
3422
1957
5470
7903
3140
7167
1113
5159
3923
7700
5746
7422
5955
9440
9718
261
3927
7165
5040
2645
5156
6178
6933
1701
6473
6312
8701
3502
8016
6695
667
3801
8763
7962
7541
8046
747
5807
8952
1765
2041
2150
1325
1876
1627
3790
9898
6718
8744
5671
6221
4034
4026
6867
1698
2949
7981
2426
5152
7108
1216
1982
1126
8820
9682
6119
3494
4285
975
4592
9896
1056
5654
4014
590
3491
9429
9767
1890
2598
9242
6763
4523
3222
4972
6970
9000
4023
2595
6492
3971
4336
7087
4982
7711
3474
9647
1582
8072
1897
1284
6721
6811
2885
2924
6156
8314
4504
6068
6948
1425
6449
4326
8829
3370
9194
3348
4130
5897
4187
6154
6380
9951
122
4042
3912
4603
7833
3712
8967
2077
9167
4943
6592
2624
8050
7241
1000
6077
819
7598
853
8454
71
7413
3342
7134
9484
6651
7812
3587
3725
9960
7591
5634
8875
4630
5762
2559
3516
3044
1745
8333
6937
1665
8539
9867
208
6860
6203
6238
6232
9241
9467
5960
4022
2450
5656
640
8619
6170
4381
8027
7697
8690
9072
2974
7976
4124
7784
669
1184
6459
8186
6328
80
7901
4301
3145
5690
3717
38
7185
6569
167
1816
6186
5871
7710
6349
3297
9484
1594
9557
707
6061
9483
3113
9601
8595
7491
6228
5198
944
6344
2847
9370
6352
9929
4420
2280
7349
6894
274
6590
717
7088
8703
5879
278
3596
3176
2058
3717
7605
9424
3558
78
4160
4685
669
1049
6834
7099
9153
1119
3522
6632
9783
4420
7389
1559
3697
5504
9365
6282
1187
5804
4710
9353
1215
9527
3001
8642
6113
2082
9295
9000
7377
6944
3697
65
3228
1659
5982
6127
4386
4995
8626
8253
2463
6147
5344
2943
2839
5358
4282
5899
1538
9409
3485
830
7851
2663
2254
7560
8837
6682
6735
3646
5211
1231
5393
3413
1994
1432
4978
7606
1816
1635
9944
2637
5059
4711
8822
6766
5601
2869
1098
7188
6338
2953
7278
3084
1672
523
2137
7537
8726
1542
183
7836
2697
4483
236
2550
3080
7597
9813
5446
8454
6867
201
1096
5553
6711
5410
5174
7468
6590
3247
5999
267
949
7809
3132
8704
696
6289
7861
1063
9431
7140
4310
22
3611
8210
6385
6903
686
7414
5179
6539
8909
1368
1392
9647
2881
4008
2439
4478
6840
7295
2577
4378
3347
1448
6464
5352
9779
3148
6514
413
707
3562
278
5770
9070
386
9063
2067
9200
8989
8499
6541
6307
4228
4487
357
9428
7072
411
6140
1496
771
8338
7652
8520
2983
6257
9358
1741
3866
8029
8888
2354
9123
4467
5033
4094
383
6905
9148
6760
6638
9086
4202
38
9664
3656
1924
7429
7680
2326
481
1789
8499
4690
2833
2548
6627
4809
7754
2033
4037
2767
3404
3684
1457
9793
7877
4743
8622
2914
8904
3248
4550
5832
2322
2238
2724
2006
6650
1138
624
5212
6441
3826
4966
2504
4871
3935
6427
2619
3098
142
5591
5532
8728
6341
4811
597
8196
2670
7064
9769
9940
2247
913
2405
254
3970
4545
9412
1309
7863
1659
4548
1315
7793
5947
4697
4868
9992
737
9605
6312
8065
8876
1969
5422
168
6179
7021
6959
2704
9516
9752
9952
3318
7084
8323
7854
2472
9148
9996
9901
6331
7366
1936
5229
3895
5458
5244
4147
7850
4423
3945
1849
3349
5215
7897
1407
9199
9165
1641
4356
464
9041
9356
6582
3172
7530
9165
14
3392
1974
756
9283
7490
8046
4190
2626
7739
4330
7079
8256
254
9864
8083
3301
7617
530
9033
1926
7219
8437
5677
4688
6268
7873
2110
8296
9106
419
9282
7182
4946
153
5093
6535
1108
9868
5833
6003
2545
124
4941
4451
4859
8978
7572
1903
3235
502
1652
4650
8633
2332
8980
1827
6468
7793
763
7969
6547
3350
9654
4969
8515
8457
368
2181
6249
4529
7149
7402
6963
8402
7821
7110
3100
1746
7884
2206
419
2325
9336
7318
4276
6411
5224
9166
3278
6589
2740
1852
7670
9890
6322
3386
9639
4723
4291
5091
4743
5618
2413
2772
6307
9730
3875
3668
8174
4735
800
8111
9594
1427
8590
1303
2203
9197
1924
6711
3397
8545
7911
4218
9396
7796
7882
3240
8238
8303
7632
1330
3265
2699
5353
4645
1494
9803
1450
7294
4227
9914
531
5179
2439
688
8349
7815
9001
8216
4715
4399
17
2900
8225
678
356
7023
1247
7845
6833
7554
8721
6240
9
3410
8750
8534
3664
5638
9873
5194
8265
637
2904
6224
3315
5690
8317
2524
8631
9340
9460
1883
2868
9349
350
9911
4788
4169
2466
1417
8566
4925
3613
6812
3637
9133
1543
6521
5782
9372
1844
7055
9398
4263
1018
7992
1307
3648
6887
5262
5802
9540
9239
4671
7977
9962
8411
1746
3488
9727
1450
2576
6080
7370
9954
4814
7612
3708
3846
4157
5615
3231
3578
268
6938
7191
5273
1434
8932
8917
8233
5124
5684
6475
5195
7091
9269
743
3790
8236
3433
5908
8506
5274
9326
1424
5156
7942
7210
1914
8745
2079
7451
191
7268
1076
2163
1150
4167
2504
9826
9734
3706
5807
1048
5025
8042
8203
5528
9990
8168
637
441
2597
7642
7686
5277
8471
9255
638
8762
2001
5880
935
4642
3415
1832
5379
3855
7389
3701
8093
5055
9954
2119
2808
1340
6520
7570
3945
3743
5093
6208
4060
6283
8540
9886
577
1631
2331
4489
5490
5849
7726
5292
942
4270
628
4245
1926
7672
3694
2485
6472
5226
4949
1398
2112
142
615
2612
2961
3625
8880
4114
2859
134
2561
7168
4741
429
3719
560
6698
2220
9843
5887
8093
2197
2137
2306
4338
4219
5832
9657
555
536
4816
9966
1635
8091
1710
6628
8291
3492
2762
3121
4687
4782
3170
8561
9612
9302
3992
8071
8045
4203
4171
5754
7278
3026
1797
5591
9155
1010
7123
3779
5221
8456
2344
6819
2199
5076
4419
9437
7859
9923
7412
599
4798
2923
5669
9157
7162
4219
3388
4178
2949
814
8968
3950
1154
9856
352
8165
576
5270
1037
6613
7447
1367
9799
2055
8631
6318
646
1104
3583
5412
2819
102
5548
7802
6004
2963
8368
2320
2042
6816
3461
3867
9280
5684
3591
7405
1296
5305
5890
7610
2075
2138
7756
9030
7745
7621
2149
9769
8829
3819
9838
4484
1334
9193
631
4837
3323
1599
8448
1209
5482
2893
8020
1272
1190
7962
2160
8310
4201
3599
3457
6303
5027
1828
8882
3583
9973
8270
4230
6658
9553
6861
9610
7775
5998
9855
5610
7179
6055
8097
4292
3653
5951
4136
9596
4266
5982
9006
8687
2890
8626
5965
945
6062
4151
6330
7869
8226
817
983
365
6171
864
8163
4332
1883
4372
9579
6443
5175
2972
8196
1616
4095
1074
5830
1887
3126
614
7989
7158
6274
3695
1102
1383
7028
5972
5273
3666
9899
9356
2444
8384
5101
5680
9705
9077
7618
3035
3632
8904
1999
9941
5391
7283
626
2292
4425
6685
5099
1663
9315
2284
9686
2265
1215
5896
1673
9099
2941
4800
9874
139
6390
7559
5450
1204
3019
123
634
9632
7771
3972
3387
6747
4239
3403
2044
8837
8645
530
4027
6450
3061
2417
4333
2111
8501
2011
6908
5109
7641
3484
7930
7677
8217
8574
6240
3549
6434
2771
7717
7880
3956
3323
2398
871
8820
3447
312
7934
2231
3081
8136
5132
8530
9277
3880
1718
7270
2764
5848
9898
4574
2469
3295
9579
8892
1948
9652
8866
8617
8234
1817
6961
6508
1086
6382
9034
7034
8891
9961
8645
4661
6994
2757
4164
824
7643
8145
601
9015
3057
3842
6702
2084
4810
9327
1905
2956
8385
6464
2463
9959
1349
482
7795
7865
4002
8822
6416
1269
4148
6047
5896
5158
7646
2185
1549
8620
2021
9919
8109
7113
9129
3050
9438
3656
3919
3356
7673
4854
9359
3576
3988
888
2328
464
1419
5061
4752
3229
9975
4650
2018
9841
8803
6903
2688
1277
7838
76
1113
1768
9370
655
1272
9492
6944
6369
6513
982
6019
3078
1702
5513
5538
8661
8264
9688
2532
198
6092
7526
9547
8080
5164
1456
6325
9311
9869
9438
7265
5396
8615
5075
9907
6466
1013
4147
7597
9069
1008
8804
4153
4957
9938
7657
959
9677
3442
9811
2936
3448
9550
2493
8244
4784
277
8636
9493
4270
4378
2681
3709
8424
7430
8650
8141
396
5327
5654
6718
942
748
4583
2814
9825
2881
7291
2074
7433
6563
879
5469
5884
6865
5104
4223
7443
9785
7924
9979
7158
4081
159
5473
7458
9413
1854
6583
5260
2105
7195
5643
4309
7398
2466
7263
3313
8503
7352
4330
9695
6650
9100
1538
7854
4417
6740
8387
3298
1434
3924
4088
5598
3319
7627
6720
9222
5101
2428
776
8358
7235
4976
1737
3584
5932
1253
5623
7611
4540
5313
5604
7866
8575
9042
3352
4627
9231
902
1717
266
7596
7808
5840
7125
4819
5145
2890
9056
1828
9140
3906
5982
2607
7946
238
3033
192
6087
8773
2187
706
6397
2224
9756
5738
8838
111
362
5
3581
7182
3655
164
4004
771
5462
1496
663
2320
4577
5697
2096
4711
376
3287
6771
8057
1125
5054
9799
7983
1033
6473
5525
6708
7049
4787
8210
4990
6656
8830
5693
6191
5121
7812
1735
8993
3994
4266
5697
6769
9554
6913
6138
5500
1981
286
9503
8582
670
9475
6288
7554
5753
7392
9225
3489
7054
9379
2697
7418
1285
8767
7946
9902
6930
1669
7821
5455
910
9140
327
7713
1208
7874
5741
1949
623
3876
4678
2869
6327
1210
6599
8219
3319
8389
5643
2450
1065
801
3917
8608
6199
1630
5830
206
8087
1252
4976
9047
2248
9496
5185
3782
6114
8044
8482
7569
5441
2067
6749
8007
8638
9480
1238
1656
2661
5410
969
6752
5838
8623
1707
461
7498
7039
3065
8133
8858
6715
7675
122
535
7358
7452
3013
5948
9936
2039
6053
2632
3257
147
9989
1670
1563
6839
9700
7248
5351
9676
1439
9040
3633
7565
7559
7887
2669
3094
5716
9032
9147
2969
2541
9668
627
8344
9308
6121
6587
8307
3321
4676
3151
5343
9487
9113
6350
2234
8879
4766
5852
4492
8572
6221
1703
4995
7701
3750
475
9210
3034
4527
3211
8130
3086
7261
7374
1087
5833
3988
6615
7018
2556
7111
2935
1104
7003
1479
1126
225
4908
358
2526
9413
1783