94688
69502
48236
75808
19974
62875
35756
5091
59104
82071
43676
93800
97258
23926
97763
78159
38856
63067
24495
45769
67851
52402
63450
86943
41730
54883
93919
77506
83873
18319
10810
59166
77745
17238
75435
22301
71877
28706
14605
368
50665
43278
80142
57751
42936
19272
54936
26053
5778
43676
87216
40475
19669
71948
45135
14687
67176
98461
97878
23113
52004
28731
13300
27033
27872
6251
10300
39093
4884
307
4928
96568
12724
84660
36574
41141
48570
37187
65434
85199
58710
22797
41710
80119
38940
20423
79745
59165
67619
81256
73106
80042
14883
26041
83629
55537
70987
16060
16442
89883
803
30578
28789
40802
30138
33697
87088
27803
75367
83111
27913
98139
51356
63968
55899
14173
61356
52071
33159
9088
61763
99680
9977
66134
38
35359
42710
33865
1516
66957
7059
592
1038
66743
56806
61832
80702
96186
74923
13706
12016
46993
76483
73928
3180
35449
34821
99465
99614
24180
23830
76790
66288
79253
2893
34587
95462
87594
19713
99441
51009
92146
98144
55648
34387
9512
83318
21401
77691
25961
40639
4644
60300
72953
66180
45059
93423
96670
81097
82925
42198
97052
57892
48027
90161
9123
80513
82411
81618
92577
9958
12741
21142
35698
44477
14033
35049
56929
97027
57172
23582
23525
84798
33965
27245
96613
26134
61807
98932
80715
61363
24062
14874
45573
55078
72001
88727
91454
79307
618
25630
3091
97870
72632
13443
98597
39277
32321
98331
39163
50377
32962
48033
2836
35878
38123
87446
10820
75965
88629
99601
14965
50221
66852
60207
1209
65732
50245
98349
92805
36660
74614
23724
99218
2363
37608
19880
54700
55116
1087
55212
28978
97679
46155
97777
74083
54415
41587
84987
49021
21007
30087
81988
6034
43062
3614
23601
95067
85439
43309
91489
46943
81381
89579
89670
74068
14595
48266
6907
13941
59894
5498
24303
89967
83592
68720
99034
69230
65601
86547
69445
88203
82835
37534
53430
19268
27158
37877
58273
80792
69789
50993
13493
60019
3637
79156
89611
83252
45159
95800
50076
97601
54729
55220
41157
90670
39928
52159
29603
57451
40510
15358
33737
70284
81105
3051
14531
5601
1727
23576
35797
54694
81971
53036
61117
74052
29111
75009
37442
77376
35388
20930
24156
20970
95478
61304
43842
53983
75947
84221
40481
98948
88812
85121
30443
35235
55028
12172
64971
39114
45214
88077
15082
60739
13595
25344
67035
16515
29766
8095
68890
74429
37681
77626
93359
5399
65155
90152
91497
87304
79359
4877
54079
25532
76076
98353
16924
86855
11313
25719
50673
63127
76973
7738
38670
14576
17617
90988
21835
50953
39962
86430
33423
97782
27674
95528
51736
66905
37084
60331
33047
55939
14247
85057
81575
30732
74378
7020
24658
33140
74447
36597
53135
33899
4710
26990
6921
64684
583
31109
22221
43193
90512
56930
6769
9200
87381
35008
15401
88942
18419
77500
19032
17937
1328
47295
41454
16152
21277
89621
34221
82436
58648
4546
72418
21572
81629
27652
74127
61535
25298
90880
90453
18247
74394
32496
31536
59884
69763
30491
36182
36083
70618
77393
71354
31238
18789
8128
60676
79642
98180
43133
71195
69822
57108
62461
22674
55993
84029
91336
46523
72382
46480
56379
74686
72899
12133
38163
263
44302
43854
53039
13274
50196
47729
44381
3746
61340
35532
6333
89972
27644
20303
60936
73881
51887
95395
14250
40863
20718
43165
61777
6120
8131
38685
35596
35816
66000
78491
52344
72469
58475
43113
80447
36146
7061
81927
4507
56748
32166
46433
52699
41659
32521
47618
91339
83861
15705
97306
42397
72910
18319
19264
59567
80451
33663
55340
61926
63412
72739
36237
46842
80901
65219
64083
41863
93261
51467
17942
16458
40751
66186
96154
14841
4022
81319
99746
9246
83423
49602
43278
83332
60423
22601
88473
23283
59273
98594
18018
2682
58480
45738
33477
69793
85114
16332
17023
53330
5530
38537
22864
32076
82409
16209
88398
31076
28613
33657
43593
29658
15667
26349
15752
21955
11972
12603
93777
3518
5263
1384
11531
1594
34659
96986
13126
61019
47484
58251
38269
6759
25771
30434
5359
46645
3032
56611
72381
13179
6945
15429
40898
87618
46592
20081
49155
6583
60793
89232
40169
80163
80909
37772
75018
46519
45169
61090
54224
35125
64814
29158
24916
62574
85997
58472
22619
66774
24580
88676
72713
82950
58764
13056
46394
79697
57752
66530
38512
6151
19872
93682
53777
1849
5596
36241
68973
98795
67726
33582
51539
87371
47677
15102
41130
67468
17408
90195
9671
4849
71668
11612
10178
3646
42883
28351
44887
24080
36343
79723
25001
68076
65829
98997
60415
96737
44683
4755
76383
89515
54701
9401
42988
25863
20457
65124
68306
56768
309
21869
3398
58072
30821
23423
29672
81292
12630
22501
17410
63672
25394
19286
80497
11804
74272
67344
89402
370
37423
82534
10762
1572
9006
20067
86934
1712
17323
81043
31415
72321
69163
61821
77171
27063
10055
52332
25980
88638
42960
35946
88503
7402
74096
87183
75553
10553
3697
95396
16579
54623
10904
88512
13666
54808
11328
31777
17616
6872
22982
64011
2452
73406
93851
91758
1161
52894
88809
82636
25507
5651
29790
57823
34419
19154
6045
78940
73670
46086
69280
88121
69089
90898
52735
17536
49901
76912
87284
26212
32040
18435
27224
22457
93624
30096
54242
68769
77355
74617
23920
96707
1992
54633
84928
70073
25530
45436
95781
12131
74771
73789
19146
35271
67609
43033
8736
80241
13908
28081
9018
78182
20625
89507
1780
702
48989
40209
73358
29814
28656
7058
57762
95876
69507
94803
111
84366
50802
9799
38250
64086
22218
81856
53499
75763
45214
9075
42940
58160
16409
67638
8357
94821
77960
97893
1700
14554
31544
13837
33873
35430
47516
94996
86324
19350
49355
95250
50096
29585
54776
25949
643
10483
99948
8921
26497
95507
53988
70385
37330
49408
33715
27429
95712
28136
17964
36909
40781
96797
6605
99918
63670
28187
18409
19246
1427
2010
83244
20150
14387
72371
4479
501
72167
32371
79853
27285
81149
16238
953
91482
96323
32717
51391
80433
49883
50646
30864
49725
71273
59558
8674
20606
95465
40395
9189
63383
17774
40139
76681
42598
36188
87069
58824
71292
58472
72939
17473
55773
22417
43060
8135
58180
92
99767
26261
93272
65750
51608
31303
25736
28167
22918
64119
38509
9542
38218
11892
40123
71304
64624
33572
48862
3632
85711
2716
86344
54392
42935
93702
99560
66710
93817
94597
33632
3442
34083
99432
56072
64709
79303
28967
11605
3931
97035
7781
58092
28022
11234
90460
68655
20048
28558
62423
23892
47065
45490
38331
91398
43027
72211
85084
37323
88228
75321
3118
66794
18434
47546
15078
24283
84163
16373
41448
29876
8512
48438
64588
68941
63773
42648
65752
21254
36446
7551
71783
62708
52443
7452
86210
28317
93274
9278
59773
56261
67338
33071
6231
50250
31409
49687
5728
57661
16955
32575
44370
27565
38679
43005
29918
31035
54763
39668
21396
93851
6130
26729
95726
92596
54155
93661
42503
42585
9570
41513
81146
38478
58871
57952
75798
23176
285
73675
68244
87609
18501
38636
77216
11591
18117
79531
46473
81512
90609
85641
95383
51151
87286
71548
60134
14333
23914
35281
4259
67555
1967
51289
64828
20006
33419
16591
89943
96617
64962
67990
37154
65984
83054
91994
53422
65865
48721
49618
81158
7563
14076
68601
2395
94823
93898
831
56217
70472
30670
49972
4962
98825
70100
54008
74485
21546
49176
50869
15803
93282
11121
9789
23743
4404
92639
16502
7910
90182
23648
53108
10331
43888
63685
49650
56283
45483
22966
98652
86634
40571
77992
15830
31091
38117
20497
68724
79549
28485
228
76121
84490
18573
40567
37908
56564
87169
72481
98249
95184
14194
5982
16283
46238
40506
97782
93353
20403
11041
38848
12807
30120
36022
81287
92501
34321
8993
85248
17778
72820
86433
36347
88568
69438
59135
19972
64911
94439
93774
82315
84001
1139
34781
9071
89619
31807
98351
34949
19875
32322
37203
6256
48890
70867
11533
58447
44161
15623
53886
49167
31699
34007
37251
20699
67764
79989
61952
85540
83178
69208
13383
14834
7989
50979
68897
53027
97702
17021
87858
32338
35707
25475
61240
43889
42726
61427
90861
72823
91403
67943
26912
91627
9207
66497
44353
14674
24023
42916
56586
80064
33250
82580
85975
76838
10747
83684
16380
61571
31322
25870
61205
87909
20843
67672
95780
23950
96760
63485
82640
34523
35196
57237
85387
77305
56274
62630
43788
98370
55430
82737
83395
79213
3935
45829
13465
19096
78265
23201
15480
26914
79805
13077
21143
14546
78723
28108
32946
38507
63847
40152
87539
11884
12794
32258
52758
60510
78560
86572
7192
36039
73751
97125
76886
23813
37213
71778
21281
4700
36811
86725
25440
28164
50133
60541
88931
42284
26150
85373
43395
76748
98359
12821
73049
67940
89468
22980
65902
66547
5203
92541
22215
1209
60078
15791
10240
33004
16390
44104
74416
39723
37209
70707
4101
55901
848
10623
82147
59797
76278
77110
36200
65103
52226
95465
52572
26637
80222
61050
38457
58098
82123
77464
52494
14497
19022
87659
9500
18654
80102
91327
82422
40085
36121
90424
47933
40000
68080
6657
40610
64687
44504
25371
49540
75242
73200
43731
55016
32151
62494
39650
10316
81807
55054
88939
93845
82370
53502
61018
95987
34656
28472
79901
83758
68327
6218
34210
13480
75399
11240
47238
89065
82644
93099
26286
24614
10310
47663
5567
83262
71125
51759
60621
49515
6136
38758
88622
87412
37112
17449
65334
91839
11936
22121
8373
42428
68737
78495
12387
71269
81196
39525
5877
2017
60678
98945
81314
34170
31713
32338
53460
33089
97187
91957
63552
43176
22995
34946
70293
94661
68644
10254
70670
13733
15377
52060
15009
9485
67873
12696
33481
86506
92280
94919
22537
86973
68285
89922
67605
5031
100
61611
2278
25892
88852
17936
95877
90587
97762
53672
70854
76476
76224
57615
78880
59339
92549
45624
56890
59638
62207
90036
18259
95518
73833
83656
8861
36026
50004
92063
20453
47637
83496
78247
96509
20685
88864
2505
65018
18209
25986
8666
1035
27056
99366
62284
85608
81684
14673
70328
87270
12094
71131
70089
84509
50181
64745
6583
87572
13533
17567
26427
57616
37044
48247
17819
29976
55628
37927
44300
73095
11839
67692
46718
80394
57535
67765
33507
64482
71274
7345
14665
97043
23818
91503
10003
87308
24749
88033
90231
10119
16232
32661
43185
62182
66629
14072
89941
53275
87112
20569
15417
50912
98121
90961
58641
22886
71804
72499
61314
91193
63567
58307
21048
75480
88147
38563
86996
17970
62701
82605
79408
4770
97722
78041
84047
75456
82329
65766
78974
65947
99108
65985
20884
73597
66399
93482
28064
90564
80272
53874
83196
73494
47384
14664
48434
36277
73567
20897
68589
47313
56984
59900
74814
5441
97483
74128
35555
65321
22745
91920
34397
85527
76047
2545
69427
4099
20493
84428
83485
29814
43359
82037
2633
94628
83847
37534
44969
46180
53095
41425
42476
80837
30322
85772
84709
6871
43740
77747
59986
45482
18539
37886
17241
8977
74834
67774
29168
9404
52213
86945
31691
20771
52080
43470
99423
86840
10471
14183
55775
35224
64585
74799
98539
38858
6333
85854
73634
79859
23670
99494
19386
94688
5446
2033
29153
20586
73700
43162
41000
66970
66579
14145
62956
63015
18159
99602
63218
48639
72955
26480
34104
20968
70635
5538
760
30522
62161
1075
54770
19440
93179
57571
17555
85427
73151
63973
13656
42474
86586
38920
17179
66386
63659
33732
15531
8695
35716
57081
75331
51036
13404
57963
93256
63948
48992
79846
73939
7651
6271
44706
59068
92847
16020
88399
16834
50530
48552
30958
24571
49700
55016
50141
24931
98660
58064
96780
58823
95511
21203
51470
28358
1373
56974
12174
23369
55480
20755
71053
95492
63922
32927
71591
21167
42688
47593
8508
19384
83152
10033
2467
84100
35940
61451
37659
33110
48709
77628
90974
42108
68093
95678
1429
40559
69638
67599
96473
6378
2805
24054
57859
83259
17487
54961
48314
71078
73950
31353
93565
35110
98985
19726
80204
93064
12442
22425
24092
16501
71903
80902
13795
96005
62242
49420
59497
21853
95663
72534
63094
36061
13505
756
86334
68845
78112
1426
88352
24205
5599
95204
67084
23663
46706
24849
33659
60977
175
65931
66214
50062
63505
71480
24235
46919
5799
59673
40959
82145
64132
41853
21692
22528
7058
46064
90805
14385
6003
51191
34318
7028
28232
71071
21468
661
22788
42301
35263
27288
11919
52513
90289
27715
71337
7517
5361
3544
48840
76773
63669
63543
91976
88300
22507
50802
54216
1378
63651
18022
84867
99196
46775
35584
53982
42209
40835
35307
65902
65195
15253
4413
30123
91801
49060
7461
51202
509
50667
51805
32001
73759
90117
94319
82942
37787
51345
61642
84587
90595
24647
91746
77557
1779
50050
64090
4713
44219
82654
6554
56453
93564
36985
35509
63000
80157
74517
8238
34422
81641
76103
54197
97249
39370
581
15329
96951
29597
89628
19186
59219
2434
69033
84183
111
62122
63853
80129
45754
47148
72793
86280
87971
23789
4862
68048
65294
92629
56981
40714
68150
96084
82542
34226
29147
29612
87057
20242
38827
39257
96847
99265
72131
48172
58264
19071
11096
42980
85573
26562
38082
44479
22320
50683
85221
55504
99158
73694
93805
6484
59328
25050
91621
54907
32879
90641
67354
64971
61773
42243
85956
22579
11407
71592
68305
47055
43023
10665
69465
60923
51163
72961
97919
19123
93752
8155
28958
68665
37526
70011
66796
50702
78814
28013
38405
64580
37167
35413
14675
22143
36908
88076
89182
11437
9368
12672
64416
57320
51830
51628
47396
86813
93249
72305
41134
4983
74253
92124
50618
18584
4251
32760
42213
55036
43191
87722
28906
81223
60435
88269
79237
4950
49334
60034
87564
890
83189
91647
61382
80695
49004
63810
42222
94543
39218
21552
47417
67448
43563
95961
13907
16442
1507
33591
58842
69635
62491
82257
26366
46665
62474
5586
68694
48621
82958
12267
88731
94744
11012
26197
52346
29675
49002
39902
39126
31858
98551
63846
62945
15025
94489
49923
11555
94311
90798
96236
88208
91746
26079
56206
26906
91383
81322
35496
97660
16891
99146
70356
68609
70768
78924
54533
10807
76209
73330
4003
35958
67848
98794
62632
50755
45680
39515
12935
65812
23665
97931
75917
26826
38360
60252
7790
80802
315
82887
90835
16259
54573
71791
89057
93979
29763
49550
19326
6652
71022
23524
47474
83841
68946
33420
74404
47964
37311
24791
63286
82681
99869
49136
92101
49368
56948
42047
77717
53869
90767
73543
78928
47466
76336
57455
5266
77963
4338
25082
4537
62097
55706
72838
50496
89054
40416
41150
90907
22352
44337
91
94396
81444
26146
65410
37995
32161
23186
46873
78983
29668
23395
7957
6487
53772
40088
96710
92214
71699
30795
63901
19514
48046
7501
3496
20965
62423
49215
68174
74300
93648
43321
50913
5773
56863
18429
84124
36050
29738
52003
77352
93783
89239
48389
42392
88246
31921
21907
69897
7495
59994
9617
4025
7225
78850
95524
59911
68626
96403
96685
15313
78076
78980
41861
76225
73834
53045
73340
92399
77686
21365
38980
23733
41692
72873
46717
80531
3213
73058
61655
44855
56351
61033
21064
95011
65459
23200
45495
76932
64813
72736
46557
21345
81544
31130
36358
78627
21645
70786
7111
88095
33803
37819
42337
53198
2921
60128
35346
95419
35794
72326
41586
43823
73282
84346
53986
52489
96284
83265
75859
87261
33752
10797
88880
27323
51395
58723
67178
13601
19678
85406
5145
75638
2064
50497
44651
41304
65940
94104
14625
90459
66224
63739
34856
93948
24119
82566
83040
31092
52345
15919
8926
70036
1548
23806
42604
94808
90316
43644
16369
62663
34156
63620
38339
62086
59525
23183
24052
70173
90289
45875
47695
59801
68677
10258
65173
12663
9237
3697
78027
8182
92705
41350
70023
8925
15022
49357
22147
66034
63080
29949
44189
92328
60898
89667
20072
2397
66407
90672
41547
2226
30997
81459
59760
7498
97667
92765
61271
46931
59132
55437
39910
71452
78038
60828
72303
657
37190
40795
88174
44481
52584
84823
69260
21634
4081
68178
23635
83563
68788
75902
10254
4305
37553
35736
24675
55912
80733
78484
97242
6049
25923
83540
11229
71074
81354
44038
32494
25014
60095
56033
24562
37284
1660
17618
70266
82906
5656
8502
94740
87920
96220
81615
57671
28182
88261
90205
97222
48690
57489
75901
22146
94293
60697
88539
98209
81517
31204
51066
58880
29172
75378
96299
83867
79334
96354
60661
19203
69504
70334
80260
7445
1141
22523
80533
84190
68842
68102
64971
368
19378
53964
62720
38736
84229
95072
4367
74082
18552
19410
74551
40544
48414
3401
38866
66000
12027
48546
24085
92474
2796
30254
13469
40483
34959
50801
70670
94239
33560
72712
69576
67565
4730
31013
43250
15102
68762
17952
10772
33374
55179
86239
52502
5187
18813
48758
38797
39708
43246
66498
95013
9610
54164
71771
17523
84868
19563
53801
52635
34812
78857
66668
13996
80531
28421
55991
57416
53728
22866
72474
70672
69359
85382
25919
23690
24115
65151
62488
23491
81618
73599
91846
73870
23026
24228
42337
52065
1363
26819
84461
64081
56200
50566
52909
45676
61469
14232
43131
33451
10779
78811
10645
64054
8999
67807
18695
1398
61549
4835
6373
59739
27823
62457
78509
72766
88411
26321
22602
33943
70776
14906
80051
10970
80671
8347
75635
51450
52486
34745
39237
73050
92629
15575
83345
64980
15954
42600
68901
32609
84320
84249
66557
91098
22559
16070
33088
24053
52069
9040
44270
31298
11010
3611
93299
54354
92210
33765
8026
40748
58017
80639
55891
40751
30609
16183
23277
60698
28516
17967
46477
11901
91179
58078
34792
3351
63743
88693
76222
94911
46968
3018
62015
4692
33991
92484
76088
41315
89938
15685
39303
49312
55086
22352
81731
83442
46052
70444
13243
20850
69710
5330
86645
61019
60776
38811
85508
89813
23560
94929
2476
84528
66815
14929
81866
40309
19849
37120
16503
91454
77019
41976
24674
58096
23206
1495
89347
90358
38049
18811
45106
83939
69788
24768
18206
91059
90513
21523
57636
68649
52916
49459
33074
24285
73556
15357
49702
2411
93980
52796
3013
98038
61901
33947
61040
38570
25896
86039
52684
99891
37619
21315
38586
2840
64739
55601
55285
73621
58789
24470
27536
62856
18387
67732
37204
87198
48085
5010
67420
58157
87280
68642
37295
95597
64047
5291
36549
42122
71718
80159
40114
20931
81967
97241
92223
74737
63458
96915
61057
8138
37119
88692
67897
67968
41269
75384
29556
64102
50709
20132
34717
5567
25031
75246
92636
70761
61262
43335
81624
1618
13021
91021
48874
29806
55159
61851
38609
90520
70195
45247
56186
11640
34920
23252
97519
87688
52793
76689
9535
127
89843
19585
10793
17857
92719
84950
66017
43906
62028
92705
44877
99589
91908
67039
33726
70764
28811
32152
13351
80869
11334
46351
61751
60068
27087
12204
45532
38351
65130
83606
14051
94910
61379
97677
73037
21368
60427
41442
14947
39109
83063
93638
95900
42040
57125
2487
53134
88791
8661
43951
49466
81550
48280
13103
96386
26545
3719
77483
57787
14915
17068
24870
97056
59354
89575
37147
6378
90349
85480
69419
1108
2173
46623
86736
96759
15521
99294
18811
20781
7185
97739
33061
16556
77334
61495
42441
960
98443
97291
43637
4047
61461
93205
55534
24113
27030
55775
79576
54982
94847
18960
81949
6406
39068
47068
81425
51611
64086
63743
77055
27737
24270
81938
86718
71915
57617
24053
44433
58787
11442
740
61913
75591
53017
48052
32861
44745
27697
28774
96967
79390
60524
91503
83044
39845
68355
74151
74348
21823
332
10693
95137
38498
8480
89021
25509
54112
82852
18666
75900
1226
96463
95001
9633
81644
30555
30744
178
4646
66205
66432
85737
35459
78700
70651
51308
27422
6324
11967
76723
60142
61000
22117
73808
33422
3369
98100
38061
28826
50258
94865
36271
17280
81569
12071
56067
77502
50794
90795
10237
38290
30150
38643
80103
12437
43977
37936
45143
96321
28964
59578
40351
84507
82762
32200
58899
73924
71799
34585
14756
90582
1940
6687
84498
57029
40840
95127
76459
52816
99904
50110
23493
89177
22730
98174
22345
13197
38413
71080
98840
9891
42284
69289
27858
51819
20039
28719
15555
26669
7821
59799
30390
15889
86230
3789
67277
71386
98769
47616
51524
13387
63139
8806
84912
56408
86945
91796
19331
24417
37861
74438
4430
19354
53699
41729
32175
89835
20148
62181
8882
51398
97152
92166
81508
10042
88286
62536
17657
80106
70052
56572
59927
72767
53367
73896
32319
28216
96663
90836
44479
35018
80065
68825
30839
5846
37989
32212
96520
79962
63017
21432
61335
39252
5932
84294
61569
42128
47065
57590
78012
69783
97244
10337
26843
10242
33954
73220
2643
5294
53957
89743
46461
1884
68538
45368
80905
11017
14916
46583
79349
67903
81498
68330
42369
55458
62057
81447
92108
12233
11426
94993
30976
88373
36480
92360
23264
58619
97270
88237
70740
62190
40934
46892
84210
17566
54620
92139
80818
2379
79614
53263
91620
50736
34073
3432
46834
55267
92542
65515
15594
44076
47345
4570
16822
69168
39028
67101
91555
95070
61161
86207
45782
89972
52295
75555
84507
51432
3652
26095
62941
76031
83924
16993
16829
48099
3012
27846
96889
87491
17963
20637
71829
37291
13286
23650
10703
94381
75071
15497
35795
14452
46491
93832
81118
92414
13477
72626
17802
51926
2940
13691
51485
75736
26672
9575
35028
69561
14904
49923
45174
47864
57805
48718
27460
68407
2035
77494
68100
15400
69629
55358
3609
87225
30025
98102
8318
36943
81162
61679
96305
23139
78811
85451
95220
84246
73950
8616
21702
47200
32292
10966
35870
71169
21364
65809
66795
3294
3708
25578
91588
20003
241
67060
55123
93032
95280
70689
82357
56779
22013
791
40007
93870
16324
56895
8973
40060
84284
52802
51908
69803
23857
73904
96313
29419
48093
8727
46154
73063
25246
89915
79331
6697
23988
36177
25915
68078
51450
423
17298
49012
69849
9432
72864
67693
81211
37250
77862
6603
57315
17512
21656
52173
6448
91739
84003
27898
84233
77728
37377
30893
83762
25736
23227
4006
90304
99623
71867
15934
47117
76667
99755
25339
35996
18443
17205
16590
47884
30217
60895
52307
17472
30167
80516
53892
21548
83702
17672
74946
22807
30779
69690
74491
7728
67441
56490
7676
19751
46588
9763
72074
50189
32912
56545
72984
63707
22756
17493
81967
9382
20089
70613
44168
62735
95929
66117
98638
65225
94858
56240
52517
98735
75947
99038
19939
87727
47551
850
43147
53540
64859
87513
15223
11721
62465
30354
68085
34437
22262
37152
43685
42505
55137
2009
99030
94703
11578
91510
24967
54046
59333
54466
46644
89620
6121
48449
39964
4847
33378
75523
52524
42325
33232
37877
73188
70719
53924
27434
17058
10461
54245
34033
99336
19068
75727
17945
63630
96718
65064
41881
11179
71133
48457
11581
9647
56136
25904
79628
49794
77125
37150
78182
91370
79793
16728
66597
37945
81709
60297
18907
95817
69908
90857
5608
57670
9943
4079
54122
18127
5170
40153
64343
89233
35213
4948
4382
94330
76836
44086
15835
48665
5541
7040
83868
43360
22787
65337
6902
75253
82848
81679
12274
86612
30187
59625
65732
88853
95380
740
49816
56344
63002
51782
84374
12479
74710
99767
61093
54606
31700
25736
53424
94744
62658
94003
16499
48520
91495
94937
43902
91786
77715
50021
65648
42360
82734
51454
73486
22810
65878
88503
84108
22313
41699
42477
48196
47354
45073
30798
56235
71805
52192
54548
29738
18542
92650
62641
87110
30324
50134
59223
62644
59236
47908
19732
33287
40384
46929
33939
1293
72541
45721
92641
32463
72409
43063
93763
36720
86842
27007
24
99340
4804
7134
29228
13557
91389
71559
72908
29981
86980
76769
33696
66522
412
93795
47995
33394
43912
77384
71538
86799
53225
30361
59986
97164
5213
55066
33214
82020
80268
35459
4456
40525
13105
51791
60315
17100
54152
95069
30421
74510
59448
82861
54561
74494
98737
49541
27907
45834
8218
21704
81074
81556
92055
21888
13541
20877
32418
51621
58619
29539
24197
10585
82518
32175
18946
1231
75402
22199
8707
25570
54228
99189
20482
41850
36869
45142
79465
77452
74400
37980
38486
68564
41937
73452
75661
27829
15440
55419
3581
24342
27986
23298
92098
81466
15022
31598
5078
51851
93603
5070
1968
60888
59867
71822
46205
71614
96669
88197
24943
52354
75827
64134
67282
66675
56152
31689
27461
4662
13936
39177
61206
22242
22706
89155
4524
75956
74592
33601
6744
40749
44518
91103
56245
44505
94092
48704
84273
70561
98137
12147
20728
99129
34413
13828
98815
42986
65404
87009
79253
77054
76931
80694
76053
58104
40312
69963
72706
28856
31975
56972
28535
75455
46821
76637
95696
59287
40195
12837
49302
74540
26823
82803
55606
689
73628
70700
28897
97718
12765
75103
85739
47502
39361
6809
4806
82290
55887
25447
56595
11234
24285
20736
35006
3541
33569
42053
38435
99761
27245
29919
47439
97002
95860
8064
92219
40284
60456
21730
4647
66346
3143
52608
24271
69938
6206
99302
90466
8615
475
17823
35022
46689
33640
72727
44075
14801
92398
32102
28476
35951
31001
62778
46855
15984
96726
90450
98129
56658
15334
60920
81136
77485
7254
5209
48945
25507
57281
98039
1976
86923
77297
94133
99802
15167
29546
7016
88553
28056
79479
72405
29892
59637
41083
18228
90223
27733
53403
16514
89507
19187
40346
24121
37776
29609
50288
93730
56329
1622
18139
35
81972
25787
72405
94659
16897
94191
77386
66247
40125
51729
33843
8073
62511
68676
97180
24442
15254
75769
17615
21408
7886
1652
85666
93879
11490
83488
55527
51215
35583
87555
91505
54837
78451
55479
5087
57968
68466
48963
30577
27638
51398
30678
54698
82939
94733
50013
98966
75207
39102
97497
41079
32619
78586
44757
66243
39335
14899
60921
66700
45840
92788
65201
44226
53350
1373
23317
62987
60710
84451
67971
42959
35191
33491
25336
28929
42148
32963
40380
46498
72486
77298
83091
85239
98537
91597
23087
5679
28186
20002
19482
74441
3254
10359
87561
74199
18034
97785
36337
59806
12978
35235
40948
88798
14654
14429
54849
39859
60014
44007
46055
20671
98898
21863
25607
80459
63117
71080
76702
5362
60722
74154
60042
91753
39946
59895
1098
30562
38812
50528
94195
68943
86301
75768
85967
32876
80419
14426
85148
61064
20849
80914
22417
62345
45322
24321
6575
90005
56951
25218
99080
58070
16328
68076
81849
57760
31012
85879
59230
39371
32821
78188
1748
79122
47282
42646
74352
56331
252
23088
96069
85326
80904
584
15668
31595
72632
46753
94621
43394
97126
80325
38721
99498
69685
55041
69323
64058
33679
67723
33613
72007
89857
37773
49719
63058
85664
72639
35477
5678
92148
38890
84795
90096
1790
83920
32539
62301
12546
63245
74315
74882
75754
84183
43782
82598
71485
54998
83682
65121
87935
44558
70094
44182
59561
15430
70396
27078
40985
74862
46690
47536
88109
71596
82438
43095
99218
31547
42611
79751
57364
37512
36728
83315
37452
71806
17725
53612
34907
31740
22521
56968
1630
17227
21302
95634
24541
87968
32589
62816
9320
37030
62751
36290
97983
53687
6233
92793
39832
29194
9750
48532
83516
45625
69289
45267
44517
62605
63940
10948
47982
79275
89504
66882
25615
72228
5394
42276
14314
56400
2681
90931
6845
88505
96549
76682
7699
83614
82189
78975
43813
34863
54940
52776
75363
30252
86726
13270
55573
67052
19969
71597
57583
96777
18935
11776
23058
52235
3840
29413
62309
41576
94318
20674
22282
48474
98214
79888
90860
33554
1285
8211
58784
9104
33013
76808
16218
22192
16352
64059
69593
82190
59218
20299
12857
83632
95530
38332
49269
28778
52088
99877
11963
67325
11383
77603
98056
8592
30751
44721
56111
31209
41219
80343
91609
13685
95788
431
31827
23955
78721
52647
96196
7603
59815
54771
86518
69105
4309
32443
20893
36830
25700
51417
16117
81444
36699
35457
68309
70263
52418
92840
50526
42966
91675
74011
31782
49040
13250
88481
49713
24036
22096
67733
15001
77110
31201
65496
2978
14465
6495
3958
9549
14164
97954
7718
96296
24921
36828
20770
56918
66067
19965
99046
54838
48672
69968
98867
65092
72774
63304
88913
46312
26434
48654
36679
69888
14988
45551
16749
56341
21650
15690
32733
72773
51708
46614
53021
13853
44813
48709
40271
4316
67717
42254
37922
999
99005
24556
59319
71399
34728
14635
72382
69272
74015
66306
80950
46977
96785
52442
55858
68924
87966
71596
17824
23747
40074
4884
63827
26442
2340
53323
58235
98795
84810
3752
80920
5507
31651
64482
98748
13999
92520
17646
53288
45191
49814
25496
41204
64755
87000
99914
54294
68175
37039
30604
60117
39101
9965
89361
24075
74405
46386
65281
59505
62377
36559
82128
27817
42462
53760
39747
99413
64104
10763
93550
60004
50213
32016
20835
37016
58488
35379
9509
46459
13146
85264
88321
56961
78208
87458
12390
752
53767
62642
79880
81761
29859
34999
32149
46540
60020
81453
41350
8903
65144
26630
3907
26479
33211
70300
82772
57068
35404
41508
13830
24068
47854
49629
99525
86047
1074
84306
90942
9763
99675
70139
45253
68018
72811
91410
33068
95865
95221
79602
12142
39901
86363
63377
50539
52567
33920
17843
77270
62951
5613
67983
58739
27805
64146
39071
32277
42343
80110
83828
46067
54416
17273
48046
1452
4016
52808
36521
26012
62462
68563
6470
80676
32607
93316
62658
75887
13351
12389
95269
28154
68476
58255
44581
44841
75410
73655
4858
53130
6391
18428
22297
545
72699
29062
41553
4911
38533
97094
20623
60693
60243
92371
30311
41284
80885
95941
91878
93268
1913
47890
1712
45964
81516
3172
26877
77114
39843
32164
87971
21238
26716
87342
52634
73388
94659
80998
16427
99775
26225
47614
69360
17249
95887
28850
91661
35375
77834
26215
23481
71032
11341
43253
27171
47384
24593
76123
80549
10711
75281
28285
82049
219
22348
33960
7042
92558
20711
22352
68754
84334
40506
48619
92564
912
80184
45161
76065
32307
65170
88275
75473
4695
30427
21494
21238
7016
8667
95348
21714
20051
84883
95402
79414
20884
89470
38437
30341
75630
70131
69755
45814
57990
56829
46658
50385
88706
82115
11931
63289
20198
55251
62186
21883
50075
45037
75375
46069
45548
74051
49360
70630
54391
58219
25412
64036
71042
33340
22402
49754
16491
9769
39513
74500
59869
42340
88701
76840
60266
16917
31821
62952
81094
24712
25749
4515
39923
30941
49913
43783
23779
46942
9938
66752
96754
37391
3439
33288
91364
51633
72463
89820
71644
46099
28875
83866
85146
55929
5114
76995
84768
57020
31753
81526
73922
89828
6373
57003
51111
14110
69600
64749
91706
49895
33656
15400
59313
7460
50783
99824
56522
66257
17895
83433
62292
86714
96361
1374
73024
72377
91876
29221
23446
3392
46896
51082
64535
27878
94226
1314
94625
1586
61598
66362
70374
52676
41528
83925
39912
95209
90414
14432
45681
82162
82153
49621
5515
1928
63145
31723
23836
51431
96290
2930
27762
46039
51192
98179
85876
11748
81362
36221
95383
53095
41465
37915
77947
62920
25690
73124
7170
1475
68204
33315
2629
13990
61151
1560
56432
74351
40476
37349
6689
27640
64551
3063
28464
71399
38618
34703
95365
92271
96762
10641
51029
42305
4379
23043
54143
92861
56626
4791
29866
63787
11104
56968
5728
29989
35176
11255
31814
47991
64813
12182
33504
27604
22022
95929
30917
90958
45193
1519
53571
67292
32816
99145
86546
4903
88807
3520
7868
3220
77709
55741
72194
152
73190
75717
11873
21906
94668
19408
770
81049
72382
16703
36850
96741
59581
72343
70223
55904
92297
41046
5379
49220
33664
7632
88656
69096
68662
27961
73300
6250
99898
2044
19221
16346
70719
44187
87753
24046
69872
14913
17984
46744
62245
47295
80537
3711
21718
82736
29053
99828
97103
62164
43626
14856
17212
19539
95898
73270
4307
67309
40352
30704
94263
37069
9948
17733
73340
99180
70806
70002
22397
44177
95868
57057
91861
75081
78274
85436
47060
81346
76738
5633
45296
40475
82473
90960
62862
80826
45996
76921
23616
39801
13723
79926
80747
34
22240
19538
47109
90696
60391
82225
39082
16815
35112
43291
59120
12430
57350
50530
99792
96583
23477
76931
40817
58121
36488
51654
711
50683
72373
45923
83032
70930
68311
84726
2363
24520
69447
18624
12469
25173
9056
22571
63811
1577
24270
49766
51765
35652
30401
94024
59987
63731
92019
40719
56382
58413
77059
42481
13169
44562
29597
16443
80122
6812
72435
89569
17006
62711
15142
10049
77517
50436
97521
54072
22562
18117
47055
29789
37698
5890
89886
76524
32945
39924
50986
7895
6574
14301
81442
86389
12418
49328
47614
88496
40061
40310
97888
82861
49390
65853
4174
72707
18047
60051
31358
9246
67286
12078
41791
44020
49527
66955
87441
61848
49992
81887
55780
3963
63323
66480
90406
61771
90984
73811
62443
55759
21121
2254
306
47400
55241
5791
76478
1066
32153
30215
11193
51122
9137
13204
92442
86978
41311
7275
62991
4076
63037
26716
30446
36889
4478
42651
42497
80817
6940
73591
98710
75849
57875
44451
74876
59762
65661
6751
51347
64840
78050
57535
36848
74091
19291
18780
78128
38337
59709
15628
75184
62696
67678
11855
62180
1684
21368
89095
64143
37134
3092
91089
91998
13686
2453
46492
68376
21481
60298
26892
73559
15302
64199
52119
93387
39793
57632
9256
71811
25037
61980
44383
65761
87647
9312
77283
94231
29160
516
96549
32872
22876
23197
56023
97955
24060
85641
77024
49608
83733
90388
52285
66221
50856
39194
71762
8179
99774
12522
56580
93977
42155
65484
34593
83936
53449
98606
7163
32655
5858
56111
32800
85602
65917
64536
54808
52146
33754
53260
24628
57819
15554
49038
83163
83748
51
59422
92776
42997
99672
84058
92152
40
28097
95071
14937
68043
13523
7506
38181
90655
75781
91149
76580
53397
97779
63986
4890
95190
47063
88955
94016
59231
53187
59667
65812
40413
59334
61970
53233
6150
63736
41765
91599
25299
61975
61481
58338
91782
45067
57831
98181
83048
63395
22043
76307
95129
60362
19433
33803
39764
69285
42612
21550
39103
92118
67449
11027
78400
90266
58254
95627
42046
98877
74527
11439
46414
79507
92811
11722
21085
64656
84433
23214
74878
62548
4276
18015
77236
2159
2893
87267
55301
87458
70964
56975
32392
52693
70289
99714
7467
25602
73397
34392
1648
45163
41966
75661
591
3595
48887
68976
82092
31615
37005
28900
91523
42902
17451
3808
28550
68263
83403
35821
71037
96097
77074
77761
72275
13750
64379
79955
23359
60430
80679
37034
20731
83576
96826
95919
98804
56446
65249
12083
73875
64982
59172
66452
30545
53177
28289
94295
81405
93231
63323
62058
85628
69025
25106
90791
52521
18646
83508
51568
75942
84746
11475
31347
49672
88478
12929
43225
6472
75788
40934
74849
96189
31977
51543
38337
1158
93011
91195
51661
20376
77775
28026
87559
32839
60705
71322
71172
97671
75360
35356
97907
40608
38702
70721
51544
39322
93091
13652
2663
30904
95671
10218
41453
97720
66371
90789
4760
44900
96814
10870
15139
90131
67764
46163
53578
57746
38641
70309
10097
58872
9431
74320
27391
99873
53012
68271
32138
23683
51628
37924
68073
37784
28725
56763
16776
43460
5013
71219
38726
14557
6379
92201
5968
96937
61453
55579
22138
9872
55022
40028
30938
12528
47582
56279
72460
45856
29938
66131
49021
56870
56188
33417
72755
86823
79837
36955
7515
68443
39425
71253
52189
37379
57329
23289
35064
28751
47735
99696
80043
2566
55348
35541
64040
84148
57833
56466
96388
7122
81373
63543
5814
32595
18912
58941
85111
19139
5325
21388
19621
73904
79207
37527
7388
56004
17719
6507
19151
46684
42932
69832
34416
7564
80142
73890
55953
16047
22644
92544
9521
57822
23265
75595
21488
68481
75067
61615
95143
30916
33735
84315
41627
9474
47597
33192
31876
66764
76561
91196
40085
38381
84721
76168
66733
368
57819
96276
47063
13324
18576
33055
62822
69612
79058
65310
3602
72359
5401
11999
94805
90232
7720
4524
31321
68073
67786
84135
10484
87596
46937
84909
4405
83403
82589
77849
65691
5403
67214
31764
58484
85545
91055
31199
14137
79500
64851
32797
16670
14616
92007
40909
15960
84902
45945
59051
99013
20218
89870
79811
80685
16081
3646
97625
70891
74803
33000
21313
40663
78958
31282
85393
30021
25365
34376
41022
84856
16249
54125
30065
75303
15551
54196
72221
56201
28176
86034
35221
31737
98599
66764
50282
57268
74232
58906
44126
63661
88588
30529
65863
63372
41755
64428
66334
97276
66907
43008
73739
62336
69965
43263
45672
48908
43116
28254
91875
54794
275
24794
60102
95789
4430
91538
1893
545
97104
97866
45643
12008
1479
49074
78322
33347
51530
63491
54077
18842
96673
32371
77876
62924
73467
18658
83775
91981
20753
70747
86782
47887
34974
29645
39787
57106
95785
59454
37701
4953
345
7456
81011
18405
37761
23319
85627
40481
54759
23574
98299
56740
48712
72798
65610
58735
43993
74307
75843
10265
43486
39
98967
89362
29724
47030
31782
23830
76605
10608
26808
56200
24137
27357
97059
3193
61740
21404
61520
89630
32067
22501
45935
71925
31215
56089
28685
4676
29239
92138
95850
46385
80391
19528
24325
2432
39347
80361
43914
32707
57094
50427
56330
85355
20317
46768
98947
29680
88643
40317
78392
64395
30802
53516
85808
44891
85607
14608
338
74544
90757
90648
31261
11092
67613
29366
43098
85824
24368
75765
69798
91003
39905
2855
39537
2207
16619
18073
10779
81736
29180
68423
25858
14465
32893
77683
57098
59223
97735
20158
90818
84378
38666
66620
49043
15868
73151
6960
19016
4817
59084
32069
3998
11249
5814
69786
45554
30027
83668
11087
33924
15197
29589
37775
85103
65756
27075
13870
10644
89689
78094
38551
73534
35643
9371
3383
24015
73904
89095
84276
74296
57246
74111
20017
29073
28995
8033
49565
6271
90897
252
66892
45105
31994
47793
35620
84689
35770
38421
43891
61945
92040
62735
97593
60194
37669
4588
44075
8126
67314
82057
65223
22665
43462
59416
54931
45882
40726
95690
98733
65816
16717
72961
58354
32766
72974
5018
15269
58852
89709
83008
81610
90170
22313
46651
67937
8667
91422
53337
7004
61898
26555
68262
73682
76931
78226
17635
69150
80682
64725
88683
59464
34813
58303
4536
60865
40150
76193
57491
6053
26890
24673
12692
71267
43341
84599
16196
47579
32642
25073
64574
72588
99885
24433
8479
15561
57304
8312
63996
6373
82990
96167
74211
7069
14345
32335
57061
26800
81630
43482
20022
14823
65846
60584
7062
7976
866
13849
32149
89142
96060
23338
94093
41931
78159
50794
57367
52909
27864
79984
34116
78121
76706
63930
55774
68994
78067
71209
80211
57144
39306
64385
85094
3006
94656
15327
38795
25665
91834
234
29567
86751
187
8886
20609
96283
2655
30137
45060
79614
52349
99218
91164
83140
77461
78345
23850
14033
99144
6919
32
77560
96069
37348
81722
3933
11195
27005
34902
71720
41406
10713
76205
47060
91258
90587
5330
64617
59287
54760
17966
77989
59734
85180
11445
57572
98726
67999
94631
97639
42275
98535
11959
53899
52218
20459
31150
19978
14940
89192
63438
40942
53615
27686
13467
71600
24210
69917
93231
61646
36776
98319
71450
15592
31155
23793
37185
19007
99523
28372
9191
44846
25086
18971
26775
77293
29707
4422
36843
72962
49377
81466
36184
59006
50106
95823
3114
50486
7261
96143
70849
78066
75066
95103
81126
65377
1909
31431
50408
94815
8331
20880
83651
16834
66666
20417
86397
88246
72890
15002
97946
74196
14813
74702
49284
78925
40335
15878
33930
75453
64228
64173
16997
58649
89575
29151
15442
1011
9413
95777
93648
14527
75964
95092
84494
67517
43689
1113
38273
78964
20859
42615
55271
3097
72548
32474
92634
22603
92882
14711
54641
62853
86897
90808
51612
96197
34515
60528
46289
49386
95834
85562
99649
87256
78138
78257
33109
13638
1226
59584
35721
18603
34076
8490
92860
16492
34071
39978
11184
55977
54987
12409
62750
49325
87005
39386
39179
99245
36552
59913
93465
89637
17958
43451
38108
64540
44214
32257
11915
58673
81230
1271
17585
27128
38003
69977
76069
85550
91567
58760
67510
75805
11975
24077
55242
55970
60779
70416
2746
19671
67726
6175
64705
15423
85921
6315
5510
26791
21394
14504
99818
98599
57388
8012
4794
8085
56678
62079
40073
95000
1174
50289
88728
83256
68050
57442
10622
94768
62525
55843
77903
12957
72511
9711
66620
9976
10747
89799
3732
58830
64293
75110
52422
72211
23642
36672
74824
85003
8255
42520
78991
18314
94378
17151
94913
74637
74200
39424
60459
19445
75075
43463
56113
57950
83276
81275
24909
94849
2056
4063
94814
7720
20188
54169
33780
61433
88816
28122
27016
60027
10599
24963
61111
52688
65727
48331
57405
14292
56916
69303
86427
48750
79591
79608
78676
478
98424
47361
63179
74658
48
40669
31839
37759
27705
27166
71031
5151
75004
13254
86333
87034
38028
74198
61619
45380
82517
90957
86977
20383
81905
29158
13464
4433
90822
16733
61227
41149
50803
72976
74056
53627
21556
63347
31903
32169
52817
89168
12224
71067
16227
24035
39675
74002
10360
83029
48571
19737
31933
23195
83469
64835
41959
7085
36734
94044
74750
56956
1881
98818
7129
13915
62705
72512
9726
13850
85845
14910
81402
70407
87431
22115
37968
27511
49873
22435
24997
81808
79558
12952
37080
69106
73823
75798
99547
56799
54735
80997
11910
11620
26108
9522
43058
43814
33969
80143
24826
80768
28053
17933
12677
89764
22623
48948
21751
2547
9768
34731
20354
78300
52823
18853
80222
94046
71247
84689
11422
62505
63464
51755
74631
56297
71036
43784
4720
14452
33919
80343
80010
51983
57806
98187
19438
14744
83373
16764
75731
75121
61552
90040
63949
37074
67932
57515
27202
28540
18915
15090
63917
50963
56697
91989
42613
29280
31862
47694
18604
86154
18999
40474
76157
62017
292
32660
21889
32764
95733
41332
41812
89270
71384
36557
17743
49263
88129
24249
63205
52478
51714
66091
21738
62903
75352
24376
19684
18884
97889
10534
69686
30383
30322
86886
87252
29329
58834
87057
62361
79672
40459
12990
97029
87936
90055
2436
85367
15939
73157
39215
97334
95394
80775
55419
18511
64811
18425
25968
39902
74018
60034
14973
2932
55479
96470
52081
95018
11199
26346
77920
37895
51240
59333
72049
18550
99226
73471
74332
49814
90980
62431
51882
36893
1692
82443
13513
34171
88594
72855
42831
60445
53719
99388
70685
91817
51951
14525
12378
76251
42902
2151
73781
92480
27537
71167
21344
17206
48067
14319
34342
78779
8784
27201
1850
93140
95615
79170
67298
7497
19623
27096
21490
18479
35491
95281
16878
65952
4392
17998
56945
62228
37468
90159
60337
98859
68672
74452
63822
98228
77928
12009
90790
97827
977
35944
77398
72925
51970
57798
50131
44226
79779
34570
6751
77496
93958
45395
97834
11840
5525
93718
15333
63482
45414
84290
7563
48401
66709
55046
86801
35406
33107
76193
95493
47641
98874
79128
5126
98173
78852
34760
82729
74333
40954
75716
71281
74801
14992
94726
16329
22710
77774
4277
22520
62748
29435
12059
26402
7900
46574
8998
77687
14170
18241
55863
82945
88018
96148
60746
71501
79044
42182
3471
82264
84523
67860
51304
45298
35631
84429
50618
19885
91564
35236
54745
54636
83603
45931
83526
22308
46806
12431
66561
17958
58737
74641
11445
72753
69033
23086
14608
57271
55719
76067
10162
9595
75640
85733
22094
6009
57299
82114
86375
92871
90135
489
35479
55535
7041
65726
47667
35134
10847
47448
53316
49292
18176
81663
89047
66297
7106
37252
46528
6267
3271
98844
60644
54843
18234
82668
94838
21928
50237
21642
6565
94200
5883
32792
94281
19144
11383
65228
75624
44242
85779
13693
35996
77813
43260
59465
37292
69412
31597
64378
40951
83886
36539
2152
59003
56687
27083
32455
16230
55557
72746
94568
17698
15351
49677
28101
30532
38599
50787
86071
46199
2728
67250
34030
58719
7133
60885
57003
47454
18589
62403
56087
95640
18685
1233
49485
56057
34345
3242
36778
3329
19983
66285
60719
19605
37818
40166
85042
41715
38405
68912
13458
39940
75984
12802
1021
79754
73688
23260
55510
36094
73632
69628
71565
45274
17514
67033
58985
27532
26751
15152
30719
27682
296
16413
32679
72163
58987
92584
69962
67221
1474
28568
45486
85493
83424
36480
79356
90306
41916
95919
100
5737
40040
88397
42618
95688
71821
6102
8342
13413
84162
59619
40713
64799
83997
91618
68527
59314
13238
68312
81981
9406
19231
73235
73368
12503
34142
87976
88636
18603
17853
88770
46648
59656
62682
60887
46914
40219
56015
34283
66068
53086
12041
54782
88619
89952
46294
75503
62904
52163
94423
5264
1038
78393
37936
39242
18079
34927
97577
66136
61525
83115
95621
66103
55771
42141
65384
83892
73215
15562
65675
20423
50042
96193
57125
14013
92423
81705
2577
38210
35878
56153
924
34984
66577
87219
95708
3687
36335
49590
63666
15609
80494
88241
89423
63448
19597
95028
98667
47858
16514
72624
54850
91720
11003
52481
41336
63042
1018
93693
84828
46344
23160
59203
16125
29846
9626
15992
68413
13652
83761
75419
40826
5247
78332
44489
73500
98704
42159
77194
98257
22011
82125
44980
25451
16889
9956
14164
3735
93256
98741
69636
85364
27079
11262
65185
4
12867
66484
52707
96198
42572
9554
37343
67568
91028
68958
4036
47065
59263
5700
94308
69405
15774
81269
79707
88256
86168
92069
17394
15959
83775
51355
34989
39013
27359
72509
39647
92378
41468
615
47476
93295
50534
50344
4851
39475
92645
64591
4078
86007
5204
93226
11751
864
406
91052
84302
68025
80877
26297
81538
89880
52735
77592
54047
65274
30753
65368
31457
33476
20600
85522
45778
22633
62742
74445
59742
91035
74945
61352
13673
34300
23528
10285
91843
33744
32512
8543
52227
48829
41927
50656
82568
81543
45251
61739
28042
84550
18325
46801
58502
68836
52541
38158
63438
97055
26745
60583
19679
80718
43310
52729
83540
59955
27514
16164
42527
70446
30044
80279
94246
2539
73628
38093
69529
51079
19960
59302
71666
56127
83640
42605
34544
49553
82325
32736
73064
29540
64157
49013
10436
84635
24127
41209
27377
81720
31732
9245
40758
10876
60936
69889
75827
17900
5801
26067
45452
4670
89513
18858
99779
28623
29365
79797
81497
70607
78644
36760
83543
83914
31742
99448
69927
1765
76187
78865
73144
55796
73762
84766
83534
56294
25077
20534
85516
29696
3252
53683
86048
75472
60094
22516
84168
67444
22037
15182
11212
14127
55273
96631
91718
86210
91143
41219
10767
9769
84976
80988
29542
52651
81850
9311
3848
26508
24638
13453
14137
20572
95139
50433
95980
11413
90685
46512
8638
63248
26662
76745
45174
62205
88994
25206
34621
16972
63764
85156
55181
53310
3445
99088
79895
59735
43110
14145
18701
11693
79554
16111
50023
63512
27872
46617
57184
65881
92713
66645
23833
31464
58204
11230
59617
59842
92378
29188
56768
26242
43196
81703
21956
69496
92912
46377
35545
39829
95805
65547
28613
56789
49487
90345
61071
33791
478
52208
86197
84783
44668
86757
79454
10745
24087
16451
47103
69384
98502
64981
99897
20161
57791
26233
9819
39730
77161
84405
86404
22474
80238
33520
40176
39844
93491
27432
94029
13776
56191
53347
13077
83721
54735
34054
78063
47109
69029
43930
73930
13311
94660
7108
60917
36057
39888
90232
68234
2054
21389
45728
9491
34965
41986
18550
75957
36184
79877
12183
68461
4568
99332
12895
87758
44520
38747
23656
33880
14669
51527
70338
36115
17417
40278
10100
72016
86853
41080
18975
81487
59942
28610
74217
51142
94444
45309
44874
36721
10245
51152
29953
28845
88999
73960
94
5696
54010
31027
81531
72801
98776
88050
69022
23771
68634
48923
99402
38677
57316
82447
69337
13907
9443
5792
86529
45821
2517
79514
80206
7347
95631
6567
93556
36977
2940
32505
34517
73117
1398
40229
13009
84823
97480
64909
52557
10931
29824
59200
50921
15631
68935
6232
44668
43935
55997
91499
69814
44346
81207
75380
18166
43673
97359
39773
53019
83636
34773
86877
53949
14471
16954
3063
57291
31133
13392
5467
31516
41971
38424
22014
97346
58497
33459
11388
24669
74479
94244
44568
69423
44144
75420
90703
54314
79938
86530
38850
98582
57349
53541
6455
64082
12492
55645
56666
89843
5008
47758
15890
46501
29580
66787
29177
77656
75317
70604
71535
35322
60568
47636
38288
21050
17777
93172
98451
36722
78252
80191
46070
73439
80758
82495
32284
93244
46166
79073
56304
19250
47950
72421
66499
98426
27425
9124
21856
73553
53092
90990
3578
32767
17224
53144
46634
24163
95711
38064
85252
66066
75061
24158
91769
81998
67800
56709
97002
87420
40352
82152
62213
81381
23725
24975
68717
67441
87902
49283
77703
25226
57458
51866
43196
14712
4314
56921
91973
64268
59129
76365
57217
7532
42444
34659
24681
35500
55890
84835
78211
84492
89865
4516
72593
90274
95422
78322
65448
40661
67940
1143
98237
74405
52201
59292
22872
41001
3688
25600
45491
98794
63233
46820
91547
74024
89990
85758
95266
48421
3362
98393
63872
32458
68955
22312
99268
98512
24937
9563
43396
72815
86723
20019
29470
82169
5500
14251
5023
25623
12209
25788
86098
43001
95685
2567
25933
50907
74692
80587
30724
31556
68552
78338
80318
68808
76308
63942
45341
57540
89
41561
9720
73794
71114
42138
50872
92475
12245
25975
3640
22701
8312
65256
94858
16040
70067
27667
24140
15865
53467
97641
63722
52390
81550
9677
34107
32507
34080
9683
62559
12474
26121
84722
84869
15038
82277
66234
57626
61793
36990
49142
90659
55852
99233
53606
92492
81871
11059
73453
69899
40568
34594
58599
59485
72322
84224
11514
21757
22864
94130
42081
73137
79257
42934
48147
10407
79824
25906
43714
89168
67400
68849
39647
2481
11417
56882
94601
70392
73137
69804
55504
51647
56706
1229
61324
30873
25461
39395
84177
78562
46332
52853
33090
59222
16239
11800
95433
78930
82736
30302
52396
70276
67360
92279
11342
14569
30860
86421
47751
646
69213
44796
10417
73102
15610
29081
79370
37750
14489
52166
14702
95352
22693
15206
97365
39434
90214
98535
74370
80503
56631
32651
44592
98984
50453
26350
65677
84436
45951
42997
4587
39085
96640
38759
51802
83516
65783
85898
77491
16476
26752
49075
78054
80425
89917
63537
66183
72003
99803
56661
38054
90229
35982
98047
74237
24806
78260
2504
27119
98702
83278
57181
2925
19013
35471
49129
40777
54061
18452
67606
21114
21403
84947
49584
41343
8346
25654
18454
10717
88388
40009
37122
10393
98936
71353
15318
66470
19847
30641
64575
22650
36728
98981
93680
34987
88890
60361
20437
97928
38985
90054
12521
58534
77248
16761
55139
79410
69629
33834
40266
55146
59672
45250
44748
68502
40242
32095
37156
16166
93477
60014
6374
53116
33594
4423
55697
8407
94473
53040
26641
17428
27656
95743
90869
45436
25279
91399
12166
32599
32712
73774
50405
26271
6367
25481
99669
89796
88589
88792
47058
57379
32434
84899
56740
15242
35846
70680
51295
39460
22326
65339
91099
13929
38594
36974
808
60662
94487
98676
12423
98452
98039
60180
74129
80629
63781
25325
45683
95460
25752
52393
82695
66205
95680
39808
74454
78925
33748
90812
81854
60181
75015
85250
12411
1930
60542
44820
76450
48898
58145
67496
15375
31131
20034
80946
23103
95176
44281
94955
27735
41264
47864
33393
82518
51113
7961
29736
33254
11494
33644
23987
92814
35791
58366
38202
51284
28763
83419
77875
6735
9192
26829
95534
1832
47439
43610
64554
63624
69951
34523
76167
21601
609
15721
40993
8703
14097
22303
78402
21768
30086
66100
84021
63592
97839
65243
38237
20994
87205
58719
32459
51394
16363
84003
974
66262
21508
42539
66011
62682
65632
49659
72110
48972
23684
312
69982
76162
63828
25064
19921
86246
23089
30360
13864
65321
6521
62503
55782
16759
90067
60569
71269
88950
56353
73076
95566
32172
49097
18565
54504
93812
62070
10113
43050
58885
23308
83142
18267
19876
9638
16513
94853
69146
66564
29980
64861
76965
56660
75812
1219
54924
77869
197
82089
58423
98696
14158
69612
27358
28940
27058
83404
14616
5792
63324
45617
18433
86038
46839
65898
4566
22223
62737
97276
64889
6055
33137
64797
25490
60698
9825
97137
46541
32240
20704
73579
37152
13759
457
5017
72199
35698
63462
24241
69092
14314
39723
94483
79855
59528
57135
71721
76448
67960
14214
69043
69632
7876
1572
34752
96797
9602
33801
44322
92675
86591
20807
4959
58653
90480
89716
6812
11719
90556
80188
46501
80596
59712
10236
58112
2865
61953
83482
48342
40277
32712
15701
18531
87272
22723
56466
39393
76780
96346
58505
71574
7885
95154
58641
28619
29436
80900
2076
55522
88269
44099
86637
93194
91669
32764
68617
46871
33942
31369
25436
8049
42193
25458
39945
96396
24607
96019
95416
38486
2115
68834
37476
56059
27217
69506
18626
99957
76119
87872
81797
49180
70561
92529
95406
80099
29836
17377
18981
4633
61300
612
52585
15281
48608
25082
14349
61711
30756
18023
9169
51689
64500
27054
84747
68959
2341
97770
2626
87154
67740
28179
45341
64797
35966
7891
78145
59529
43983
9417
76820
58023
92539
76136
69473
61127
76241
65940
20669
30589
10573
53173
7390
21448
44082
77452
42701
60802
43564
70959
67001
48054
73141
79431
90319
61089
47990
54175
10257
96083
85686
58908
21977
25598
2446
14305
4898
89391
16518
43719
95173
63276
65063
41304
83860
73028
54800
20514
29817
31562
2494
73882
45313
63693
65774
20926
579
40275
16735
53979
33901
9993
68800
30630
74212
73906
59426
99328
88593
38838
97253
8151
14136
48733
27577
47708
98918
61291
65141
69592
24501
58879
3630
34909
61543
17216
46584
15087
96654
66462
39521
18106
91186
56119
55197
24223
19670
38852
55679
54047
23346
31140
30429
17753
63437
74948
56234
75983
56217
97006
62201
87969
40497
86896
82295
48004
57789
80485
24230
99724
23940
60877
73929
48874
59012
89532
26347
31538
78146
86148
43819
80966
82328
46970
5746
18914
85836
97818
89325
63514
33475
75578
23265
42449
55070
33705
45237
31749
15484
49128
75274
69694
83004
59841
91681
8596
2974
22902
28040
78435
31468
37626
82275
91612
28661
11352
18788
65993
60345
11217
20909
59439
46253
69339
1010
39932
96333
27502
25675
15684
52910
2484
51747
51892
12934
87820
54412
5475
33876
60591
33522
54008
95071
64311
13188
15163
72177
95184
56106
34592
10392
86640
50842
98734
15219
21041
78989
33282
23089
94759
45340
1208
76533
4918
43355
3482
95866
33699
25755
36265
23261
20684
56784
33634
40542
48959
50426
16835
56897
78687
68413
99658
78201
35447
96424
18723
73040
90712
27664
59371
97516
33826
68002
61303
59904
18155
77880
64122
99828
22717
41533
44441
99056
2096
2537
16426
35785
60875
8311
4385
6599
8372
13250
78398
33520
12674
37774
30998
73396
9083
30001
9071
19112
41503
59791
45131
163
92902
64485
56552
9184
69255
52679
71738
95511
65405
63823
79547
89773
85476
90289
23098
10718
63142
54034
97007
5680
99694
40092
51622
93351
32987
94966
75419
29698
54129
98067
48460
83908
99416
12510
63387
88252
15253
82464
49378
95229
9042
41608
74519
18053
220
40729
7293
78123
38918
67641
2958
50560
18155
92092
71321
7776
15210
66068
96270
38116
87308
62990
49044
70025
58370
5055
73150
74509
17055
3700
77682
66295
63356
40453
17953
82424
92346
97723
29906
97569
22372
29792
54788
6787
5291
36443
67191
21256
31283
57986
56083
53542
60772
56389
67716
80527
77234
42820
42718
96885
38051
52182
34837
99800
54048
54006
60196
10259
66077
84495
6345
76930
57307
49875
88986
25288
62442
40745
1425
71438
59110
36680
41414
45531
3854
67918
72515
44648
62137
65599
9156
83274
37032
36624
36306
32039
1554
9016
41858
90477
68815
51615
58435
22098
74425
67931
20288
79275
56832
51989
99820
64391
52719
2610
34006
54157
25253
73627
93078
59991
25123
12456
62588
33349
80146
6554
71891
63720
87670
9616
39154
50215
86184
41406
71519
80490
63145
64383
21751
37952
62523
44885
31907
82932
77253
83389
8068
81838
43152
13178
87407
76118
8640
24092
39616
43300
34380
70578
62926
28966
29260
14609
73152
55553
16545
47663
73425
37011
41514
91409
96513
49371
83754
441
16538
96912
52192
85337
92764
76404
38341
36640
46362
82994
83402
21158
70486
30708
37396
84519
15869
556
18137
13288
80411
76362
10218
11031
30372
91215
99813
2618
74786
38133
95493
90035
8730
96438
86639
56022
96779
13980
45660
26054
26878
88026
22119
21530
59888
78880
76629
82391
62701
76765
25597
68638
2312
29395
46594
81810
20120
21020
30084
35505
37108
11167
21928
52443
88646
82632
9649
80880
92589
51099
73879
70331
83874
58416
79044
27814
65525
17254
28847
92766
40246
97834
30003
83822
60079
96166
56899
15035
87049
32250
27122
36727
23951
49739
97407
89192
3939
27282
34528
26959
57974
87670
64491
84149
59537
97073
33731
83714
40816
72790
98293
58942
71839
98289
73393
70773
17737
16605
55368
44936
8481
95233
32374
55176
85149
16303
94767
55351
43258
99451
4457
46589
50222
60734
93174
88964
79912
61269
5575
43298
16660
91773
36851
8718
18884
18397
9097
14428
84285
51059
75457
33246
37361
30251
78225
30962
56132
22765
52567
58613
17793
13029
25456
96021
83902
69399
9290
18008
55225
4256
36310
37086
63159
49763
3478
79135
48517
66680
63149
10372
29501
54866
34630
91084
93837
51814
45585
30023
92022
81193
48795
99970
95995
94280
10752
67566
55745
52317
48320
19909
31878
55825
12252
80987
76626
93169
72848
98548
94637
82752
85084
31998
85842
44117
240
75181
97724
65278
29109
28084
86218
57571
30143
38102
79547
39671
60352
31000
44919
12641
72299
12681
97381
51708
9130
18754
43298
25817
56584
80521
51702
10670
74408
14610
66472
87186
89756
64899
94571
35138
16699
48556
26737
53600
79247
59734
59410
94674
92834
92336
70091
21597
95822
41423
2253
23429
22321
56857
61171
24606
86674
49551
8974
16006
55882
25037
62158
61386
69913
13147
28364
8581
34508
14287
43107
45263
92095
73140
67734
35415
36523
83185
85103
79037
15415
77777
83941
92074
70440
57910
63142
83149
81947
13106
67512
98622
72984
27687
33268
64334
38135
3739
97816
3238
95909
6843
69453
92605
25403
54887
65562
82695
10877
23244
24776
3895
40776
2451
54830
35436
74463
92440
86991
76357
65296
75042
95744
77476
94615
60817
87957
91570
1211
38847
7275
13188
4837
81146
31042
32539
67507
29828
1547
16776
3331
87500
69786
52595
17926
47463
76306
20539
31863
63684
81317
57706
45003
14441
72670
64563
40401
68877
94000
58014
2110
21380
12485
79444
5794
9728
40833
95040
37360
77271
91468
22576
36505
34120
57722
77379
44014
85109
30260
2203
88267
2464
28493
22525
39244
48109
30291
74291
91847
11358
84594
52109
85499
78198
33179
26572
49261
16708
99711
79544
39651
94285
57477
30713
51885
77909
13730
11223
80839
19000
73989
63910
42382
83882
78826
49975
27715
84791
48438
89972
66010
67082
30324
62852
13181
5750
44655
87708
83111
54918
60648
41372
17996
96175
92477
22273
17648
89122
81452
67275
39338
17572
9875
31844
33223
50409
17169
20652
50009
7275
14896
57846
55901
56093
13964
53759
52268
30895
30493
93094
11681
28555
10827
7364
61011
86609
64135
45303
71106
90995
98625
63483
89283
17083
31930
94857
15885
46617
79566
9244
56343
82047
3861
51214
93977
20171
55084
80502
50959
25819
21932
8184
59974
8017
44218
64795
17434
23552
55625
39797
87749
97968
18152
98793
80392
80300
94811
48401
65622
29627
26387
71844
90679
51974
3150
70290
6956
73390
62093
16487
77628
47628
93172
2649
82768
21372
46274
32614
49800
11234
22721
92020
1513
71013
17607
17530
99249
16396
97564
34656
43032
21823
66991
22494
23087
46609
17213
49612
11483
44705
62083
70679
47922
52859
21236
48744
200
35814
41743
11330
70074
84710
71981
95950
91885
33498
64547
52149
54818
93497
20672
93855
41666
32627
47078
81224
74541
44326
77725
75805
7850
76866
16318
74775
83757
63811
53900
98420
74361
44031
38684
73478
64146
27481
35411
94471
22182
85150
25611
28621
60978
47346
85350
95780
55859
14880
76262
39771
16449
74146
54079
7202
26928
12268
21927
68470
14759
61974
9053
62531
85725
36627
95888
54608
22673
11408
12584
41842
47412
77868
71189
62962
52694
2142
33127
93293
95439
67545
66800
52322
26556
91290
11334
96460
84166
2564
80480
84986
99725
17020
13879
99290
18504
44708
83319
64784
49529
5920
30975
18696
39360
18615
9182
89450
29980
5505
90710
65348
54140
61604
98429
19253
17493
78755
22868
17510
86310
40348
74488
34582
563
6761
44301
66283
35271
82442
35591
67496
18877
37392
48230
36065
18840
78794
27031
39747
63785
37143
35085
8734
49723
97393
68253
8463
87667
41160
73392
23101
1586
64550
27233
4833
11134
98966
5498
43104
67005
27999
64269
5434
84564
64304
57910
58958
15026
7627
31380
26035
63440
47772
59037
69224
54698
66243
88525
29467
73627
36351
33377
38219
55265
87236
61043
31450
25819
41201
56321
90617
81634
57032
56173
9540
67700
15406
20326
11100
83461
63963
68999
78375
98881
48241
3408
83338
94347
42345
23424
10608
92416
25050
11790
92537
71235
10261
88349
52741
71049
89027
51476
27130
27154
57553
9868
11910
3276
48329
31861
73250
10924
44144
67153
9695
93926
45741
12088
74035
37708
98916
46953
54401
54950
11438
90641
72398
88927
98354
97884
23295
96817
15241
67809
78086
69070
9571
31287
22015
35701
74831
82895
56307
76476
65512
3928
4784
53009
22057
35202
37631
79305
36197
89744
52333
22153
91736
48756
79688
81770
74326
62406
93447
2749
40922
90193
55479
36691
58405
40248
87656
57380
36950
17649
69637
72668
40876
46969
79653
46179
20122
51237
14691
1914
83369
65905
12665
90438
45198
18448
222
62846
76355
4789
21207
90092
1290
79264
36470
75021
25605
11239
48724
13356
98120
16654
39536
51177
32783
23611
30622
96444
11589
97610
96998
99619
9622
94265
16031
32478
78151
66359
22424
62763
45392
82323
68407
5169
41920
32481
3392
55795
69637
15937
9665
79962
83653
666
69140
42341
79420
76818
99541
55157
89259
56503
23596
64561
41738
17522
28472
24202
39541
7962
83902
17202
75875
85807
86099
89462
65324
26134
23165
36221
5468
81563
84422
3472
54010
2628
7532
13474
74558
65311
63912
81956
27021
3953
84792
68547
3558
95010
45879
66125
91654
58307
70366
81972
8529
34824
85050
86186
41787
54955
69317
49798
52512
83094
95209
16931
31169
99214
41530
31609
79877
29947
61304
19633
61880
94869
14895
94012
330
92035
82776
59478
36565
38568
60567
12028
82442
54186
7222
72070
16099
58587
56434
47811
63224
76494
23155
82232
96186
5167
52264
11350
76298
27092
53459
72488
75111
77932
51145
93682
4060
4073
7744
11777
31465
76335
57252
39639
85740
8703
18640
48076
4045
38771
77780
77204
63002
29933
60480
48612
15249
99398
41794
59502
19792
11126
5132
85794
15101
80380
31052
87428
51165
91804
21645
46485
77353
60545
89502
15676
35010
36540
84677
66134
34889
71448
71479
64915
80394
70684
80162
93872
20890
42754
96116
10401
8922
98625
26253
41784
26239
14321
14336
77859
26530
17177
2109
93907
66709
14277
2771
86154
17140
37212
44811
25989
66122
89422
97273
43581
68864
33144
52378
29
1203
86234
94347
93414
96359
31591
37174
83843
83525
24916
96536
33371
6190
26909
4973
18732
58050
30310